11A11B17C14D22E5F5G5H5I5J_T10_R5	10	5	100
task
0	11	4	0	1	4	5	441.397	538.708	300.5	354.23	
0	48.6512	0.638512	
1	49.4861	13.2005	
2	48.9574	14.1127	
3	54.1654	13.0922	
4	45.3104	24.695	
5	48.5217	19.6739	
6	42.1077	14.6724	
7	45.7557	31.3226	
8	42.3989	19.3857	
9	48.1366	31.6794	
10	42.9256	33.4056	
1	11	6	0	1	2	3	4	5	405.975	566.767	401.796	275.028	324.38	376.12	
0	51.3376	9.21315	
1	49.892	13.1875	
2	52.9214	17.23	
3	40.7268	20.7084	
4	49.133	20.4179	
5	45.9005	19.6071	
6	48.1612	17.8567	
7	39.1129	30.6452	
8	46.6874	33.7819	
9	34.8611	33.3152	
10	47.3927	33.7491	
2	17	2	2	3	560.996	377.513	
0	48.0734	2.89035	
1	56.8615	2.5995	
2	48.0276	13.8998	
3	41.2747	7.54121	
4	51.7656	10.1709	
5	45.0098	20.1919	
6	53.2279	22.4789	
7	42.6628	25.8261	
8	36.6431	23.51	
9	38.3678	29.9604	
10	44.9226	28.0904	
11	41.7053	42.7407	
12	34.5088	37.7891	
13	37.2482	45.4009	
14	28.9271	34.1096	
15	29.8308	41.0423	
16	31.3017	42.3394	
3	14	6	0	1	2	3	4	5	487.764	538.111	563.185	231.646	274.63	280.799	
0	44.9593	5.59364	
1	52.2395	8.7096	
2	54.0717	7.7854	
3	52.6468	11.8391	
4	55.8917	13.5594	
5	49.6595	26.6157	
6	39.6009	28.1052	
7	43.4233	24.6939	
8	35.1519	25.4662	
9	43.8578	28.8898	
10	43.0358	34.0118	
11	33.7908	35.6329	
12	26.0389	37.682	
13	38.0687	43.2885	
4	22	2	1	2	563.185	504.082	
0	57.8399	1.57002	
1	40.3102	11.4152	
2	50.2765	9.99273	
3	48.1068	6.53968	
4	42.9798	20.612	
5	45.8639	16.1169	
6	45.1063	23.6249	
7	33.5026	23.3211	
8	40.8721	27.5962	
9	39.4636	31.8337	
10	34.0701	37.9222	
11	37.5262	28.217	
12	33.4009	31.5841	
13	32.4246	49.1544	
14	23.2529	35.4133	
15	25.3676	39.6373	
16	27.7047	38.1797	
17	22.4605	50.2853	
18	22.6632	46.5011	
19	14.0105	38.4043	
20	17.5781	52.4614	
21	4.75162	50.6683	
5	5	3	0	4	5	437.019	385.473	227.069	
0	56.0183	-0.459012	
1	42.4592	6.50119	
2	43.0904	6.48233	
3	48.0286	13.9116	
4	43.0873	10.3425	
6	5	5	0	2	3	4	5	577.314	462.292	285.376	243.387	308.858	
0	58.7763	7.01552	
1	50.2236	12.3748	
2	47.8782	12.6273	
3	46.7364	12.258	
4	49.0736	26.2887	
7	5	2	2	5	588.458	282.192	
0	49.7033	-1.17426	
1	41.8088	6.62243	
2	48.9666	11.5547	
3	47.6999	18.9592	
4	48.0545	19.397	
8	5	4	1	3	4	5	477.018	345.872	346.867	272.839	
0	50.7985	-1.49129	
1	44.8227	1.0195	
2	52.7721	15.36	
3	47.6317	16.369	
4	45.6636	12.864	
9	5	4	0	2	4	5	439.208	579.702	245.178	221.298	
0	49.1258	-2.18393	
1	51.4183	-1.28416	
2	47.5001	4.1194	
3	50.5709	4.9345	
4	44.177	16.162	
robot
0	0	0	2
1	0	0	2
2	0	0	1
3	0	0	3
4	0	0	4
constraints
37
24	34
7	82
42	89
23	70
41	44
0	18
35	36
62	85
57	72
36	87
13	56
0	30
35	94
66	81
30	67
14	40
49	84
21	34
29	62
29	37
12	35
13	22
44	76
56	72
34	74
34	70
44	63
51	57
48	83
6	12
47	69
3	43
1	97
56	80
75	90
64	81
61	65
