12A22B19C16D5E5F6G5H5I5J_T10_R5	10	5	100
task
0	12	2	1	4	481.396	299.107	
0	47.5092	4.6342	
1	49.1724	7.76277	
2	42.1996	13.1891	
3	45.708	18.34	
4	44.8408	11.1625	
5	46.9491	19.1057	
6	44.8156	31.1147	
7	48.6343	33.0533	
8	48.9193	30.8267	
9	43.5703	30.3881	
10	38.7347	35.592	
11	32.7858	36.2438	
1	22	4	1	2	3	4	587.662	531.942	238.014	372.538	
0	52.2119	10.2332	
1	50.2912	17.4087	
2	42.4871	11.4239	
3	54.9743	9.2812	
4	46.4175	18.8251	
5	43.4778	17.9877	
6	46.9699	22.2526	
7	41.0839	29.4718	
8	38.2832	29.166	
9	39.7361	32.3595	
10	38.0296	30.6508	
11	41.7813	35.9211	
12	34.8972	35.2041	
13	29.6303	43.5717	
14	26.7906	41.2373	
15	25.4446	42.9973	
16	27.2364	46.8603	
17	23.6996	47.7534	
18	22.1155	47.6313	
19	14.7251	48.6789	
20	14.6637	52.2766	
21	10.8257	45.8458	
2	19	4	0	1	3	5	522.788	594.229	216.721	201.398	
0	50.7141	3.1444	
1	48.0625	10.0254	
2	46.6384	3.97481	
3	54.3418	11.3502	
4	40.3802	19.5272	
5	45.8837	19.8478	
6	45.6491	25.8107	
7	48.8194	18.0906	
8	37.0198	35.2283	
9	34.9846	28.1211	
10	39.1261	32.5827	
11	35.3562	35.3544	
12	30.6433	45.2965	
13	34.9964	36.5495	
14	37.5734	40.8749	
15	26.4211	44.8775	
16	22.0522	45.129	
17	12.5719	47.2304	
18	19.0415	46.3008	
3	16	5	0	1	3	4	5	525.375	502.888	349.056	350.449	398.806	
0	45.897	8.83881	
1	46.0383	5.08919	
2	48.4515	16.9971	
3	47.3339	20.3027	
4	47.6534	17.3908	
5	48.2716	21.1671	
6	38.152	22.1757	
7	44.8743	26.7508	
8	40.7239	26.5678	
9	39.9919	33.6964	
10	35.1057	33.5542	
11	36.9766	42.01	
12	27.9178	30.6038	
13	32.0069	37.7525	
14	28.764	40.7107	
15	20.7723	41.2512	
4	5	4	1	2	3	4	598.408	580.896	253.735	333.733	
0	53.6387	13.6257	
1	53.3588	0.901566	
2	55.816	7.43868	
3	47.3822	15.983	
4	43.8543	14.71	
5	5	6	0	1	2	3	4	5	589.254	571.941	585.871	269.854	348.26	226.671	
0	49.6542	4.77039	
1	47.4893	5.10768	
2	44.265	19.0285	
3	45.775	13.5802	
4	48.2636	17.721	
6	6	5	1	2	3	4	5	535.325	551.245	263.685	220.9	367.961	
0	46.0773	-0.454851	
1	55.8273	6.75816	
2	45.6238	3.82477	
3	48.0131	13.9891	
4	48.549	16.1453	
5	48.4911	16.0763	
7	5	4	1	3	4	5	581.294	376.518	233.835	248.362	
0	45.1845	1.6263	
1	53.918	16.0674	
2	44.3174	7.47864	
3	39.6084	12.8343	
4	50.8332	14.0718	
8	5	3	1	2	4	582.289	454.73	256.322	
0	50.1156	3.92511	
1	53.7454	3.51344	
2	48.2354	7.75629	
3	48.2711	17.3394	
4	48.5293	10.0855	
9	5	2	2	4	444.979	239.606	
0	46.4574	7.45283	
1	47.7859	2.56935	
2	51.7729	18.2892	
3	48.2032	14.4338	
4	45.5057	15.0041	
robot
0	0	0	2
1	0	0	2
2	0	0	1
3	0	0	3
4	0	0	4
constraints
45
10	45
32	76
39	74
26	74
39	49
30	63
2	49
32	48
14	52
77	87
14	89
11	64
11	58
38	56
25	76
97	98
14	90
32	62
51	53
4	32
47	75
3	5
45	46
39	80
37	38
38	64
40	91
18	31
26	68
3	49
9	27
26	64
42	66
28	81
21	28
23	46
12	54
73	87
36	43
11	59
90	95
47	59
1	33
12	21
33	35
