13A10B14C63D_T4_R3	4	3	100
task
0	13	6	0	1	2	3	4	5	765.936	793.492	695.884	475.1	412.02	509.96	
0	48.26	4.78179	
1	49.076	5.70382	
2	51.0896	11.2553	
3	39.4194	10.2947	
4	44.386	18.5314	
5	37.0295	18.5117	
6	43.7292	30.8475	
7	46.869	33.7274	
8	40.9431	27.0832	
9	39.5673	30.5516	
10	39.5791	24.9864	
11	36.2729	30.7039	
12	32.4156	43.9619	
1	10	2	1	2	845.284	799.468	
0	51.3522	5.08838	
1	49.5734	8.6194	
2	46.3348	3.49472	
3	47.7503	13.7518	
4	53.2043	16.5864	
5	37.6555	25.2285	
6	44.7799	20.2696	
7	42.6423	24.1814	
8	43.043	30.6913	
9	42.227	39.1926	
2	14	5	0	2	3	4	5	963.476	963.144	547.808	364.544	572.708	
0	50.3223	-2.51425	
1	47.9554	16.4945	
2	52.7074	6.84357	
3	39.9734	16.1227	
4	48.353	17.7669	
5	42.059	22.8661	
6	39.5082	30.0204	
7	40.5811	23.6434	
8	40.5984	27.3183	
9	33.8873	24.4294	
10	33.1048	24.691	
11	35.7485	32.8753	
12	34.814	43.3803	
13	21.6678	39.0561	
3	63	5	0	1	2	3	4	774.568	792.164	710.492	642.428	416.004	
0	42.8937	10.5487	
1	53.0818	7.96092	
2	44.0822	8.83239	
3	48.2358	18.9642	
4	41.3223	23.7662	
5	42.58	16.6317	
6	50.2968	22.2999	
7	43.9797	20.9693	
8	37.7515	34.6584	
9	48.1593	29.9345	
10	37.0743	35.588	
11	40.285	43.2292	
12	28.5322	38.4888	
13	37.3547	32.6255	
14	28.8921	34.4176	
15	18.6418	44.5595	
16	25.1647	37.4233	
17	19.7573	46.2944	
18	16.0954	51.789	
19	5.4938	52.8041	
20	1.21039	47.1351	
21	8.66422	49.8055	
22	1.10977	44.485	
23	0.392389	50.7996	
24	-1.23604	50.2643	
25	3.72272	52.2836	
26	-10.9332	49.0711	
27	-19.8544	48.0647	
28	-13.6352	47.1499	
29	-19.7855	53.0084	
30	-22.3607	46.6174	
31	-23.3902	45.2722	
32	-26.731	43.9102	
33	-27.0224	44.4747	
34	-30.7782	39.5739	
35	-35.494	44.8352	
36	-36.6924	29.5403	
37	-38.6355	37.7227	
38	-39.8628	29.326	
39	-40.4512	25.7005	
40	-36.6102	27.8603	
41	-43.163	27.3618	
42	-50.5627	19.5087	
43	-46.6725	20.8537	
44	-45.9391	10.3943	
45	-44.8338	7.09601	
46	-48.4157	2.74796	
47	-49.8323	4.59241	
48	-44.5459	1.91719	
49	-53.4869	-4.11591	
50	-56.2594	-3.50538	
51	-45.8294	-12.9806	
52	-47.8429	-10.2963	
53	-48.5287	-12.4919	
54	-53.5194	-13.7343	
55	-47.4582	-20.889	
56	-41.6179	-25.7818	
57	-36.8122	-21.2145	
58	-40.6226	-27.9493	
59	-39.2536	-28.6975	
60	-34.7997	-33.0609	
61	-33.1367	-29.2961	
62	-32.2009	-35.2643	
robot
0	0	0	2
1	0	0	2
2	0	0	1
constraints
47
32	81
2	17
2	21
9	26
33	62
44	85
0	67
75	80
78	96
43	95
73	94
34	49
9	21
11	57
81	85
33	52
58	93
17	93
36	85
13	35
30	90
47	88
17	22
92	93
75	90
29	47
8	70
69	85
83	84
62	63
38	74
49	69
84	88
27	29
39	93
12	29
38	83
4	61
58	65
78	98
6	15
52	69
57	84
19	87
52	94
1	87
74	75
