13A40B49C9D30E24F10G14H5I6J_T10_R5	10	5	200
task
0	13	4	0	1	2	5	430.054	477.814	550.25	213.537	
0	43.8053	3.52697	
1	49.7167	3.93751	
2	49.1707	0.57477	
3	49.6368	7.00999	
4	55.7986	4.88963	
5	49.4118	12.8721	
6	49.3148	4.29467	
7	42.6473	16.4471	
8	48.0421	17.7812	
9	45.2428	19.9461	
10	49.3079	13.4451	
11	44.5158	24.7794	
12	51.2844	27.0559	
1	40	2	0	1	582.488	490.152	
0	51.0402	2.25839	
1	49.1094	-5.05702	
2	49.1928	5.60956	
3	53.9481	2.59633	
4	50.0876	9.69711	
5	50.9477	4.39273	
6	50.5999	15.3298	
7	41.6728	11.4228	
8	44.9593	13.8019	
9	55.555	21.0048	
10	48.9416	26.346	
11	41.0951	17.548	
12	46.3601	22.226	
13	39.9195	24.575	
14	44.1821	23.9157	
15	39.3951	22.6516	
16	48.2344	25.1272	
17	41.1663	25.0193	
18	42.2049	27.9375	
19	44.6382	37.5598	
20	32.6869	38.633	
21	37.1106	32.3391	
22	39.6611	38.5219	
23	31.1385	32.5514	
24	37.0177	37.2569	
25	37.1507	34.01	
26	28.9514	38.375	
27	30.917	43.6076	
28	32.5029	36.6564	
29	32.0225	43.6824	
30	17.9285	43.7316	
31	24.9872	42.5883	
32	22.9751	37.3827	
33	22.7207	38.548	
34	29.665	38.6367	
35	14.8013	45.9698	
36	12.8959	42.2342	
37	17.1157	46.8784	
38	21.8459	39.8273	
39	10.2138	53.0807	
2	49	2	0	5	521.395	338.31	
0	51.1325	4.87967	
1	53.1739	10.4538	
2	58.2032	4.51877	
3	55.7778	5.84622	
4	51.1142	2.48248	
5	50.8312	8.5716	
6	48.3726	16.5657	
7	46.997	3.46077	
8	49.3914	20.2136	
9	46.5138	9.61267	
10	49.7159	14.2036	
11	46.2091	19.1203	
12	53.9938	25.4853	
13	40.5962	19.5947	
14	43.1127	16.874	
15	41.9827	29.432	
16	40.3514	30.1533	
17	37.0519	29.4663	
18	49.339	26.1249	
19	32.4679	35.4107	
20	39.2359	32.3811	
21	45.1118	39.0465	
22	35.1463	39.4249	
23	36.5343	38.1974	
24	28.9882	40.1262	
25	31.1883	28.3035	
26	25.6924	42.264	
27	27.0636	39.0738	
28	39.9579	40.9225	
29	37.8363	43.1178	
30	34.9066	47.6466	
31	34.0836	42.0284	
32	27.5266	44.5203	
33	25.4165	45.7128	
34	23.8041	40.4207	
35	18.1099	47.5594	
36	25.4333	48.7323	
37	17.4706	46.6284	
38	16.7954	46.7422	
39	8.8158	49.4204	
40	14.6877	42.5604	
41	10.4655	48.04	
42	3.40854	55.127	
43	6.71214	48.453	
44	11.381	54.4788	
45	4.68643	45.0161	
46	5.16826	51.387	
47	2.31814	53.1141	
48	0.30283	49.8725	
3	9	3	1	2	5	506.072	488.361	376.717	
0	48.1285	7.30249	
1	50.6608	3.45438	
2	47.7769	0.0457561	
3	53.0106	7.11099	
4	50.6811	1.81438	
5	48.7597	10.7465	
6	44.9902	11.121	
7	45.6276	5.82885	
8	50.4102	7.12171	
4	30	3	0	2	4	525.375	506.669	265.277	
0	50.1136	2.23071	
1	49.232	1.00675	
2	40.17	2.65451	
3	50.8338	3.61459	
4	49.2302	10.616	
5	52.8011	4.70971	
6	49.2086	10.8034	
7	48.4253	15.0327	
8	42.7893	16.3966	
9	44.9538	17.0754	
10	49.395	26.2931	
11	36.593	20.103	
12	44.0351	28.1103	
13	36.0857	24.8617	
14	41.1202	23.4925	
15	42.5309	21.7434	
16	43.1703	22.8581	
17	37.8424	26.4634	
18	40.3292	27.0768	
19	39.9724	30.1997	
20	40.1552	35.9153	
21	37.3558	36.8513	
22	45.7313	29.7963	
23	34.9684	35.5422	
24	34.3178	35.7297	
25	33.8321	32.8646	
26	32.5274	36.7906	
27	34.9747	34.5896	
28	27.6022	42.3142	
29	28.7695	40.6472	
5	24	4	0	2	3	5	420.701	497.913	306.072	341.096	
0	51.4769	1.57409	
1	52.9682	2.88591	
2	53.119	13.2568	
3	41.5737	6.84637	
4	45.586	7.77636	
5	46.4718	3.8541	
6	46.7442	19.819	
7	54.2902	15.5933	
8	47.1676	15.6687	
9	51.3952	14.3936	
10	42.7808	15.3469	
11	40.2309	23.1324	
12	41.9177	19.2084	
13	43.8775	20.1059	
14	40.0621	22.0841	
15	44.337	19.2762	
16	38.81	31.9046	
17	38.0359	24.7588	
18	38.2334	28.918	
19	38.353	35.7732	
20	44.2014	33.1997	
21	31.6519	30.491	
22	31.0555	36.5308	
23	35.2134	27.4675	
6	10	6	0	1	2	3	4	5	564.777	451.745	546.867	320.201	323.982	217.716	
0	48.1459	-2.84234	
1	49.55	11.7773	
2	58.8939	7.1212	
3	55.978	6.83997	
4	49.4021	6.00031	
5	44.6557	7.73741	
6	41.7379	8.94856	
7	50.5108	8.71108	
8	43.8183	10.4199	
9	37.4328	17.067	
7	14	3	1	2	4	528.161	516.619	393.035	
0	55.4229	9.89512	
1	47.9216	13.0727	
2	42.1502	3.08735	
3	50.2732	4.8995	
4	50.4973	8.90669	
5	48.6774	13.8983	
6	49.1165	9.82793	
7	48.7206	14.5888	
8	47.6466	15.4276	
9	52.975	11.001	
10	41.596	15.5107	
11	41.9372	26.995	
12	43.9854	24.8934	
13	44.0104	22.844	
8	5	4	0	3	4	5	424.084	216.721	203.985	212.343	
0	47.7966	1.50512	
1	56.2701	1.51692	
2	51.1659	5.17745	
3	48.7811	4.56738	
4	53.3897	7.45036	
9	6	6	0	1	2	3	4	5	406.97	499.903	479.207	364.578	263.287	212.343	
0	49.3644	3.03023	
1	50.0155	4.55032	
2	48.7566	7.12536	
3	44.4521	15.5837	
4	53.8854	6.76202	
5	45.5897	14.1634	
robot
0	0	0	2
1	0	0	2
2	0	0	1
3	0	0	3
4	0	0	4
constraints
12
20	106
95	127
28	189
47	126
10	106
6	26
134	150
24	31
7	62
104	106
149	197
18	125
