14A42B30C14D_T4_R3	4	3	100
task
0	14	5	0	1	2	3	4	785.856	804.116	904.048	563.08	403.72	
0	49.3372	11.08	
1	47.0437	10.1334	
2	54.183	15.2503	
3	43.673	8.20557	
4	47.005	10.8365	
5	49.6246	27.1896	
6	45.144	23.1896	
7	48.8673	26.8703	
8	39.8963	28.9172	
9	40.7625	29.8034	
10	32.064	40.5566	
11	32.9057	43.9936	
12	32.0185	43.6255	
13	39.9415	38.9788	
1	42	4	1	3	4	5	760.624	605.908	558.764	496.016	
0	45.8945	9.461	
1	54.2402	12.8635	
2	50.3942	13.7711	
3	51.9449	14.3455	
4	46.7738	10.8123	
5	45.7949	19.5821	
6	43.1444	16.7631	
7	43.3696	27.6362	
8	39.8223	29.2768	
9	34.6017	32.2734	
10	39.8459	33.2859	
11	32.36	40.7252	
12	32.619	37.6107	
13	34.4634	35.0078	
14	28.5441	48.3193	
15	21.6729	35.1341	
16	18.1791	48.3392	
17	17.1781	46.1067	
18	15.0178	38.7017	
19	14.9504	46.726	
20	11.4932	48.2933	
21	12.2181	56.2124	
22	2.02021	52.7134	
23	-3.06629	55.8044	
24	2.05206	55.3017	
25	-5.8692	48.6832	
26	-9.46864	49.4161	
27	-10.7296	52.7626	
28	-14.463	45.8359	
29	-18.771	48.5266	
30	-18.7959	45.3907	
31	-17.239	37.2326	
32	-23.809	44.8991	
33	-28.3826	42.4814	
34	-35.691	41.5094	
35	-31.6873	31.3498	
36	-38.7471	32.4039	
37	-35.8593	25.7099	
38	-35.4754	33.9822	
39	-41.8046	30.0762	
40	-44.0454	19.5617	
41	-46.432	22.8578	
2	30	2	3	5	616.864	513.612	
0	54.8419	11.7674	
1	47.5654	8.09806	
2	42.6886	13.7814	
3	49.6683	13.1193	
4	48.7953	10.9054	
5	45.6841	13.4	
6	45.4688	20.0431	
7	39.9165	25.6874	
8	38.6336	36.3037	
9	39.0628	36.5477	
10	43.1177	29.7447	
11	38.3766	38.8239	
12	31.6573	29.2846	
13	38.4192	34.3641	
14	34.9168	39.8741	
15	25.6759	41.1795	
16	31.3268	47.7778	
17	13.7786	52.1232	
18	9.85147	53.8695	
19	13.7296	55.0906	
20	4.22682	52.4153	
21	9.37572	55.7579	
22	4.15998	50.319	
23	6.40604	53.9224	
24	-2.57616	48.5696	
25	-5.18967	49.9299	
26	-9.06072	50.9654	
27	-16.2218	40.648	
28	-11.7983	50.5468	
29	-16.5166	46.829	
3	14	3	0	2	4	893.092	842.296	451.86	
0	54.3837	7.16226	
1	49.4035	7.78629	
2	43.8147	12.2532	
3	42.3662	17.7886	
4	49.8661	19.9793	
5	46.6763	17.7494	
6	50.339	30.3575	
7	47.0978	25.7324	
8	43.1047	26.6734	
9	33.2573	28.527	
10	38.1652	33.2697	
11	32.7096	38.8569	
12	31.2846	34.4923	
13	24.1418	38.2243	
robot
0	0	0	2
1	0	0	2
2	0	0	1
constraints
41
47	56
23	83
0	27
13	69
22	23
16	29
30	69
32	48
9	60
17	77
17	81
18	73
7	10
85	91
30	61
8	46
26	42
40	67
67	84
14	40
95	98
39	56
27	69
31	74
68	97
70	76
11	87
24	44
22	88
35	57
15	27
11	29
24	59
53	55
42	95
4	82
16	64
8	93
69	88
68	73
69	93
