19A21B38C22D_T4_R3	4	3	100
task
0	19	6	0	1	2	3	4	5	770.916	872.508	839.972	391.104	539.176	552.456	
0	53.237	-4.03521	
1	47.9503	17.2632	
2	50.9816	14.2569	
3	48.8105	18.2664	
4	51.3964	7.97755	
5	45.7773	20.7802	
6	46.5651	21.7659	
7	43.6704	25.9884	
8	39.8349	26.4442	
9	43.125	35.5568	
10	33.9621	28.6134	
11	34.803	37.6281	
12	37.2936	37.3443	
13	29.934	36.8714	
14	25.5045	43.5891	
15	19.5002	37.7222	
16	18.4903	45.8599	
17	18.0715	44.6393	
18	21.6827	45.1985	
1	21	3	0	2	5	692.896	837.316	344.292	
0	41.4352	6.79241	
1	54.2928	7.26297	
2	46.566	10.893	
3	50.5846	18.9921	
4	44.5067	8.96029	
5	49.7218	21.9331	
6	50.3581	23.211	
7	44.6438	26.1948	
8	40.4786	26.898	
9	41.9139	28.802	
10	37.1599	32.5266	
11	35.8929	39.6007	
12	33.5065	37.9557	
13	29.5266	39.4929	
14	30.9388	49.0694	
15	21.5083	41.1803	
16	17.7874	44.7972	
17	17.2425	44.1331	
18	10.9444	48.2265	
19	8.6339	46.6494	
20	12.2805	51.4861	
2	38	4	0	3	4	5	820.384	396.748	366.868	456.176	
0	42.361	2.75199	
1	43.5612	11.4666	
2	47.0071	15.4256	
3	49.2859	5.57503	
4	51.8316	12.4954	
5	37.3436	24.2113	
6	50.6829	23.0073	
7	43.237	25.4362	
8	38.0963	34.7029	
9	36.1556	39.7786	
10	40.2098	30.1848	
11	30.5066	35.4159	
12	36.7877	34.6172	
13	36.6291	44.8481	
14	34.7381	39.3795	
15	29.5496	39.1883	
16	21.675	48.7665	
17	23.8108	46.361	
18	14.0353	49.3849	
19	20.1186	45.5261	
20	1.2315	48.3095	
21	6.65866	46.2113	
22	4.95776	51.2366	
23	-3.32838	55.4657	
24	3.46277	44.5484	
25	-3.5339	59.5185	
26	-14.7515	47.2291	
27	-17.742	45.8894	
28	-14.2673	47.9375	
29	-16.9812	45.9761	
30	-16.0645	45.8644	
31	-16.1683	46.228	
32	-25.5034	47.3785	
33	-33.7433	46.9285	
34	-27.1167	46.1182	
35	-33.5895	36.7537	
36	-42.2067	34.4053	
37	-39.6713	34.3328	
3	22	6	0	1	2	3	4	5	987.38	785.856	860.888	399.736	466.8	425.964	
0	48.2557	13.5959	
1	56.9607	7.58183	
2	46.7081	3.18406	
3	49.6667	15.387	
4	46.7817	15.7962	
5	42.1763	10.8193	
6	44.904	18.0121	
7	43.8744	19.4292	
8	41.6966	23.9173	
9	40.9786	37.6315	
10	42.8975	38.3218	
11	31.6949	35.8876	
12	36.9187	43.8347	
13	27.6986	39.396	
14	21.0664	36.5707	
15	24.8359	42.5122	
16	30.5088	42.011	
17	21.8855	44.5278	
18	8.90446	46.7412	
19	18.907	54.32	
20	7.84369	44.6323	
21	7.73573	42.4446	
robot
0	0	0	2
1	0	0	2
2	0	0	1
constraints
11
7	52
23	53
82	83
7	60
19	89
47	55
46	84
27	30
62	92
48	85
26	63
