23A25B12C8D28E42F29G18H7I8J_T10_R5	10	5	200
task
0	23	4	1	2	3	5	434.233	451.347	276.023	362.19	
0	47.3158	4.44802	
1	54.3413	4.89803	
2	49.6981	5.48654	
3	48.6083	6.35236	
4	56.4026	5.86824	
5	52.2222	13.24	
6	44.7063	10.0375	
7	43.76	15.028	
8	47.7381	14.3756	
9	54.9843	16.2436	
10	46.7443	18.3126	
11	45.2768	22.7077	
12	45.414	20.7571	
13	36.7683	27.6755	
14	42.5814	23.8849	
15	43.049	23.8053	
16	32.8819	25.1417	
17	40.2396	22.2362	
18	31.6937	27.3503	
19	48.5428	32.3902	
20	41.1987	38.7515	
21	41.6935	27.279	
22	45.8048	35.7971	
1	25	4	1	2	3	5	574.329	501.694	250.153	225.477	
0	55.3435	-0.396962	
1	49.8434	3.90298	
2	49.0684	5.50639	
3	55.2146	10.6204	
4	48.7092	11.9115	
5	52.4022	11.9747	
6	48.4249	4.01434	
7	47.179	14.5815	
8	45.7135	15.9832	
9	47.7848	9.82344	
10	50.4456	11.9625	
11	47.3685	20.9584	
12	45.86	24.7551	
13	43.9381	20.5595	
14	43.997	23.31	
15	41.453	24.7102	
16	44.3017	17.0565	
17	40.7533	26.9781	
18	33.3154	29.0844	
19	40.1853	26.8265	
20	39.2976	29.0786	
21	38.7912	35.1219	
22	30.2187	29.7647	
23	27.03	35.0188	
24	34.5887	36.5738	
2	12	6	0	1	2	3	4	5	578.906	536.718	443.387	366.17	394.03	261.695	
0	57.1554	2.718	
1	51.867	2.27145	
2	45.9844	6.07509	
3	58.3827	4.7626	
4	56.962	4.6677	
5	50.1855	9.73247	
6	48.5776	18.2518	
7	42.0639	18.0377	
8	52.2077	9.62465	
9	55.7982	19.8076	
10	48.1399	19.0067	
11	54.9132	19.5722	
3	8	2	3	5	388.657	270.65	
0	49.1821	1.02873	
1	50.5223	4.97399	
2	43.2575	1.05128	
3	49.4625	6.84862	
4	49.522	7.03882	
5	41.4623	12.015	
6	47.4272	20.2395	
7	42.9479	8.29824	
4	28	2	0	3	497.316	209.358	
0	47.295	4.1319	
1	54.067	-2.73121	
2	44.0405	8.28084	
3	51.8576	14.144	
4	52.734	6.03439	
5	48.9888	10.11	
6	47.8351	5.14877	
7	54.2264	20.2609	
8	48.4881	14.7499	
9	46.8282	15.5401	
10	50.1578	15.5239	
11	53.8914	16.0282	
12	47.9282	28.3244	
13	38.2656	20.8174	
14	38.9891	23.4617	
15	47.4557	15.7815	
16	43.4527	26.443	
17	46.4225	28.9874	
18	40.9965	28.8448	
19	40.6209	20.8121	
20	36.9016	29.1676	
21	38.5799	32.7834	
22	31.904	33.7779	
23	39.7134	38.8477	
24	32.8486	42.9407	
25	24.6135	33.599	
26	37.3352	45.2703	
27	25.0207	42.6081	
5	42	3	2	3	4	469.058	285.177	384.677	
0	49.7854	-2.68224	
1	42.2856	6.53862	
2	41.5481	9.1365	
3	44.7075	-1.29573	
4	39.9173	8.12737	
5	47.385	10.5545	
6	48.965	20.8454	
7	50.5261	15.4913	
8	55.6849	17.7131	
9	47.3047	20.4454	
10	39.6138	12.3348	
11	46.7902	18.0806	
12	48.413	25.7452	
13	42.809	17.4773	
14	43.2722	21.9521	
15	41.3443	26.9405	
16	46.4016	29.0476	
17	42.8235	27.5742	
18	41.0755	26.3252	
19	36.9962	29.4114	
20	38.8641	31.6396	
21	39.2414	32.6257	
22	36.6494	33.8328	
23	35.9528	32.3552	
24	35.6415	42.2696	
25	24.1703	36.3851	
26	22.7548	39.5596	
27	26.5212	30.5244	
28	36.3975	40.5456	
29	36.2458	35.1663	
30	30.0325	42.3492	
31	26.1843	37.9615	
32	25.3107	52.8955	
33	23.5386	45.5804	
34	21.6458	37.9095	
35	15.1005	45.1908	
36	14.4793	45.6352	
37	15.9558	49.8542	
38	16.7072	50.6551	
39	13.0957	46.2013	
40	13.2075	48.2759	
41	20.1829	48.7784	
6	29	6	0	1	2	3	4	5	503.087	590.448	452.342	364.578	249.556	239.805	
0	49.4183	2.41842	
1	56.1642	9.14956	
2	42.138	4.1924	
3	52.7694	-0.136452	
4	55.868	6.80811	
5	44.9303	4.20941	
6	52.9701	12.502	
7	50.0509	13.0321	
8	54.6392	14.6141	
9	45.9547	16.1701	
10	38.2872	19.683	
11	44.9139	22.9126	
12	38.3186	17.7574	
13	42.7346	19.5075	
14	41.3984	20.1504	
15	38.5914	27.0505	
16	50.6487	23.1794	
17	40.844	28.9221	
18	31.9341	32.045	
19	41.2266	31.0606	
20	35.9126	31.5161	
21	38.5074	42.1293	
22	34.1883	41.4122	
23	44.5952	29.945	
24	30.0572	32.3246	
25	28.6657	40.7988	
26	34.5453	37.044	
27	31.8214	37.3726	
28	30.5524	41.7662	
7	18	2	0	1	462.69	576.319	
0	50.6315	1.28713	
1	50.6707	3.51533	
2	49.7114	5.44882	
3	45.3262	8.4018	
4	53.6043	9.11781	
5	39.5474	12.1203	
6	46.8393	9.54894	
7	40.3502	11.5369	
8	52.2041	11.0014	
9	47.945	13.0499	
10	48.6033	23.6908	
11	44.5838	27.8765	
12	36.0234	20.3361	
13	46.456	22.4162	
14	45.0677	18.0577	
15	43.5574	25.2872	
16	49.5369	27.9432	
17	43.0037	24.5974	
8	7	5	0	2	3	4	5	407.965	483.784	331.942	337.514	370.15	
0	53.3563	-2.16087	
1	58.9467	6.50487	
2	45.2475	3.88481	
3	52.5489	10.0924	
4	48.766	9.13769	
5	53.71	5.78903	
6	52.9234	20.2526	
9	8	6	0	1	2	3	4	5	412.542	473.038	559.802	310.052	343.882	355.225	
0	52.3606	2.21798	
1	52.8357	5.06331	
2	53.339	0.198825	
3	51.0787	12.1151	
4	51.4742	8.37192	
5	45.2409	4.88231	
6	51.932	11.4628	
7	48.5034	13.244	
robot
0	0	0	2
1	0	0	2
2	0	0	1
3	0	0	3
4	0	0	4
constraints
17
57	142
45	163
27	150
66	145
41	176
38	186
70	128
6	153
30	115
40	103
149	179
18	191
136	177
144	179
170	176
90	128
13	159
