25A19B18C25D27E32F16G15H6I17J_T10_R5	10	5	200
task
0	25	5	1	2	3	4	5	438.014	493.137	212.542	265.874	308.46	
0	47.4201	-2.75526	
1	55.8823	3.38923	
2	50.0521	0.789863	
3	50.3386	6.68852	
4	50.1171	11.428	
5	47.4264	13.0604	
6	45.5672	14.1645	
7	48.2905	11.1942	
8	54.5421	13.6742	
9	44.9745	16.2102	
10	47.4456	17.1708	
11	43.8562	21.1692	
12	51.8957	23.4549	
13	45.7314	27.0284	
14	38.0708	15.5109	
15	35.4295	25.7329	
16	42.7979	26.0117	
17	36.6316	28.7066	
18	37.7515	27.4074	
19	36.6995	29.71	
20	42.6523	25.9177	
21	37.213	35.6195	
22	40.0652	39.6996	
23	41.7014	35.6008	
24	42.7188	40.5235	
1	19	6	0	1	2	3	4	5	424.084	567.563	543.086	335.126	209.159	321.992	
0	52.1728	0.778059	
1	44.5948	9.73106	
2	45.5064	11.5727	
3	52.2491	2.99993	
4	50.2987	6.83148	
5	52.9379	12.4907	
6	47.8497	8.67908	
7	41.6799	8.86361	
8	46.0342	13.4432	
9	51.3426	10.9875	
10	40.3509	20.7948	
11	40.3549	23.9036	
12	42.991	17.65	
13	50.3486	21.6181	
14	44.3533	21.0115	
15	38.4451	22.9775	
16	44.315	19.3912	
17	42.4886	33.5908	
18	50.7651	29.5563	
2	18	6	0	1	2	3	4	5	560.598	412.343	565.772	224.283	366.17	358.011	
0	47.6246	0.0649039	
1	46.2175	8.25378	
2	51.8763	13.3504	
3	53.3705	7.53362	
4	49.8528	9.20097	
5	49.0099	10.5058	
6	55.0118	5.8156	
7	41.8287	6.29413	
8	48.2935	11.0764	
9	48.5698	20.7634	
10	46.6141	16.0007	
11	44.251	20.8909	
12	39.2946	14.9019	
13	50.9483	25.3203	
14	48.2321	25.9263	
15	43.3489	23.5751	
16	38.508	18.3959	
17	42.1347	27.2885	
3	25	2	0	4	410.353	281.197	
0	48.7968	2.28316	
1	44.4775	3.17658	
2	45.2954	-2.06355	
3	39.8829	6.8645	
4	48.4423	7.87033	
5	48.4936	9.74732	
6	53.6215	17.8761	
7	41.5005	16.729	
8	47.3516	14.3528	
9	46.5664	17.4435	
10	50.1089	12.8923	
11	36.5396	18.5881	
12	45.257	22.1135	
13	49.0587	15.9591	
14	40.488	16.2468	
15	47.3788	25.9188	
16	44.4873	30.41	
17	49.186	31.4554	
18	41	28.0555	
19	36.6758	38.2283	
20	39.1706	31.9249	
21	39.8714	27.8804	
22	36.7304	36.5087	
23	35.0302	34.552	
24	34.5011	35.5529	
4	27	6	0	1	2	3	4	5	424.283	572.14	480.401	211.348	248.163	308.261	
0	47.0952	0.670661	
1	46.0322	-3.22321	
2	50.1576	6.00122	
3	53.2687	-1.81763	
4	54.1491	3.38318	
5	46.7106	8.15539	
6	43.973	14.7449	
7	50.7509	20.6373	
8	47.8775	7.63209	
9	47.586	18.8203	
10	51.383	24.8379	
11	53.9224	14.8831	
12	42.7824	18.6292	
13	44.543	21.2924	
14	44.19	23.5058	
15	50.7843	23.7007	
16	45.5963	22.3995	
17	41.9843	25.5301	
18	44.308	28.0558	
19	47.256	26.7079	
20	38.9688	35.5309	
21	41.1129	36.7269	
22	31.0734	33.5389	
23	40.2136	38.135	
24	41.7533	30.1482	
25	30.9526	29.9082	
26	36.9339	36.5381	
5	32	3	1	3	5	498.51	349.454	214.731	
0	40.4923	3.97528	
1	50.1902	4.27147	
2	47.1058	3.84186	
3	48.5375	7.96143	
4	48.0418	9.03326	
5	43.1082	12.8491	
6	52.1928	13.8776	
7	47.5662	15.5833	
8	45.202	10.7901	
9	43.879	16.6066	
10	41.865	20.0207	
11	47.7581	18.7107	
12	44.508	13.2821	
13	47.8402	22.85	
14	39.9698	28.562	
15	39.4353	24.4454	
16	37.9263	34.686	
17	38.8835	25.3105	
18	36.98	21.0428	
19	38.6416	29.8076	
20	39.005	31.3082	
21	38.1981	32.4027	
22	28.479	30.0344	
23	44.2349	35.5291	
24	35.8455	43.4428	
25	41.306	35.7667	
26	39.4571	35.8935	
27	23.6667	36.7106	
28	24.2056	38.6838	
29	30.2192	40.8232	
30	30.4583	42.4613	
31	26.5401	35.3028	
6	16	5	0	1	3	4	5	439.407	599.403	360.2	290.351	321.594	
0	51.2549	1.54623	
1	48.3152	8.26068	
2	49.2675	3.44137	
3	53.5918	14.9491	
4	56.0183	3.34845	
5	52.2545	1.81699	
6	45.5473	11.4402	
7	51.1202	20.9197	
8	56.4631	11.5154	
9	51.4192	10.8193	
10	45.0968	12.5187	
11	46.1942	19.1336	
12	54.8142	21.6838	
13	54.3138	19.1956	
14	53.2804	20.3764	
15	42.5392	25.4649	
7	15	3	2	3	5	436.82	201.199	267.864	
0	51.5258	4.03912	
1	52.3627	4.04944	
2	51.2966	10.203	
3	56.7699	10.1901	
4	48.9543	8.5229	
5	55.1355	8.34391	
6	46.9026	9.07814	
7	39.0053	14.5363	
8	45.9088	18.8336	
9	52.8806	19.1701	
10	39.5895	13.2416	
11	53.3524	13.0564	
12	41.8141	19.061	
13	42.6436	19.4678	
14	43.5282	23.9148	
8	6	3	0	4	5	533.733	216.522	208.96	
0	42.132	2.01223	
1	41.9724	4.86804	
2	50.0256	11.2673	
3	49.7178	7.41631	
4	47.6746	2.89116	
5	44.7661	16.7504	
9	17	5	0	1	2	3	5	481.794	520.997	503.286	398.01	204.98	
0	48.604	2.12578	
1	42.654	9.08023	
2	52.5085	2.08808	
3	48.6165	1.46453	
4	56.1424	7.45959	
5	46.2581	9.08875	
6	47.5694	11.0692	
7	45.4023	4.50098	
8	44.8287	15.3442	
9	50.3431	17.533	
10	45.6928	17.5231	
11	48.7044	18.9117	
12	38.8222	18.7526	
13	50.9943	21.5348	
14	49.5834	23.6332	
15	46.0433	24.986	
16	44.3287	25.4645	
robot
0	0	0	2
1	0	0	2
2	0	0	1
3	0	0	3
4	0	0	4
constraints
6
133	166
3	77
86	97
50	191
187	192
163	176
