25A6B49C20D18E18F27G10H8I19J_T10_R5	10	5	200
task
0	25	6	0	1	2	3	4	5	500.898	407.368	584.876	318.609	296.52	232.044	
0	51.2776	7.28829	
1	50.8037	8.20706	
2	53.5853	5.63315	
3	55.0037	5.48247	
4	48.5735	9.34112	
5	50.9448	9.30965	
6	47.7804	10.5631	
7	49.592	8.38287	
8	44.9089	22.4002	
9	51.6108	12.2506	
10	50.0872	21.7315	
11	50.3229	11.9449	
12	36.8421	23.8429	
13	47.9705	15.472	
14	48.0073	26.1701	
15	33.6875	24.2216	
16	51.1881	26.7704	
17	33.3492	26.5461	
18	36.6904	27.4958	
19	42.7978	33.9957	
20	37.2679	33.583	
21	40.6408	37.6125	
22	37.7117	34.4462	
23	34.7609	42.0346	
24	33.0652	38.5965	
1	6	2	2	5	495.326	391.642	
0	47.6966	7.46244	
1	46.4619	2.17223	
2	48.812	6.49175	
3	51.1174	8.68132	
4	55.7537	3.00878	
5	45.3865	4.50786	
2	49	3	0	3	4	423.487	369.354	276.421	
0	44.2613	3.29259	
1	50.337	2.41057	
2	55.5567	4.05929	
3	55.9519	-0.0918713	
4	48.1832	12.6673	
5	51.4312	15.7494	
6	46.8745	5.94144	
7	48.732	8.18855	
8	48.2192	4.91096	
9	49.1243	25.7333	
10	41.7621	11.6952	
11	41.3761	11.5437	
12	49.3116	16.6396	
13	44.7294	22.9	
14	44.8819	24.8931	
15	38.4101	31.4182	
16	43.2812	24.2852	
17	38.9416	25.435	
18	42.5177	27.8376	
19	39.7584	30.287	
20	45.1002	28.5385	
21	28.444	33.1355	
22	37.455	28.2805	
23	43.9665	32.0619	
24	35.1606	36.2027	
25	27.5455	39.2667	
26	34.4228	33.8749	
27	27.325	41.2184	
28	29.6623	37.884	
29	24.6961	44.912	
30	30.5529	38.528	
31	25.9573	44.041	
32	17.4937	48.5145	
33	18.1851	39.9309	
34	20.7024	42.3176	
35	23.0042	43.8056	
36	21.6428	46.8034	
37	23.7037	47.1507	
38	18.0885	41.0847	
39	18.297	51.1207	
40	10.9558	57.963	
41	13.0053	39.04	
42	10.2418	50.2869	
43	13.4612	53.8789	
44	10.7908	56.3096	
45	6.87084	48.796	
46	0.236084	45.7666	
47	6.43435	45.7626	
48	2.57804	41.7356	
3	20	4	0	3	4	5	539.106	211.348	242.989	330.151	
0	54.167	-4.11958	
1	45.4984	6.5314	
2	47.3922	6.28436	
3	47.253	4.3624	
4	54.952	6.74405	
5	45.6891	8.28677	
6	51.7458	8.29836	
7	40.1059	14.9027	
8	47.4175	17.9805	
9	41.3253	10.5109	
10	46.8582	13.084	
11	50.2525	20.8595	
12	52.3935	16.3032	
13	46.4782	23.4582	
14	50.3689	29.5757	
15	47.5857	25.9225	
16	37.9684	21.8003	
17	45.9752	21.0342	
18	38.9442	27.5716	
19	41.5568	34.3858	
4	18	5	0	1	2	4	5	427.666	596.02	590.05	277.018	322.39	
0	50.465	7.20741	
1	53.2702	9.4712	
2	47.8998	1.9584	
3	50.4138	4.73884	
4	49.0601	2.40926	
5	53.5453	11.6285	
6	45.0278	4.16664	
7	55.2161	17.4452	
8	56.0273	13.6066	
9	51.9914	8.26712	
10	53.1642	24.7418	
11	42.2653	16.4642	
12	44.563	17.3382	
13	45.8288	27.4074	
14	47.8303	22.46	
15	43.5768	24.3993	
16	40.1878	30.8492	
17	48.2882	33.7069	
5	18	6	0	1	2	3	4	5	529.355	506.47	471.048	280.998	265.675	234.233	
0	43.0901	7.14135	
1	49.8447	-3.91717	
2	56.6328	11.2232	
3	51.9275	8.33923	
4	46.4683	6.46269	
5	48.5935	9.54339	
6	47.6682	18.5061	
7	51.9603	17.7627	
8	54.1556	7.56922	
9	39.1249	17.5444	
10	54.1201	16.8839	
11	39.5136	15.1269	
12	37.0212	18.6651	
13	44.1479	20.0577	
14	43.2588	32.619	
15	35.836	27.7805	
16	47.0913	18.7937	
17	46.3177	30.4852	
6	27	3	2	3	5	495.923	324.38	377.314	
0	49.7056	2.37786	
1	48.6779	10.7436	
2	41.8365	8.9482	
3	51.194	6.34951	
4	43.2619	15.3101	
5	49.1739	12.5497	
6	50.2379	13.7061	
7	43.9381	11.2731	
8	48.3893	6.02223	
9	45.9617	17.0836	
10	46.8208	15.0836	
11	45.2699	19.4276	
12	43.1546	15.8353	
13	49.378	14.8411	
14	38.5704	22.434	
15	45.9244	27.8237	
16	38.443	24.249	
17	39.9223	27.1666	
18	45.126	28.882	
19	40.1857	24.6739	
20	40.2271	29.7664	
21	40.164	30.2454	
22	36.9828	42.1997	
23	38.1283	43.9183	
24	38.5304	34.2608	
25	33.925	36.8142	
26	33.8601	37.8262	
7	10	6	0	1	2	3	4	5	584.876	516.818	520.798	323.982	346.27	359.802	
0	57.4067	-1.04406	
1	52.5645	4.00826	
2	43.2979	0.587412	
3	50.6865	7.96417	
4	51.106	4.24317	
5	44.0404	3.9588	
6	56.1019	8.59804	
7	43.336	14.3195	
8	51.9085	15.3539	
9	38.9914	15.4104	
8	8	3	0	1	5	521.196	439.208	398.806	
0	43.441	0.510817	
1	59.1272	6.80998	
2	58.1832	8.66228	
3	51.8513	-0.863356	
4	53.8348	6.2618	
5	47.7864	9.474	
6	39.9748	8.92434	
7	46.7399	12.4352	
9	19	2	3	5	296.122	263.884	
0	53.2185	-0.643825	
1	50.4192	4.96561	
2	49.3337	9.62051	
3	47.908	14.8642	
4	46.7135	14.3715	
5	51.4346	2.9845	
6	50.3205	20.9064	
7	46.8117	15.2776	
8	43.7577	14.3208	
9	47.3773	16.1269	
10	45.4795	16.8183	
11	41.2916	20.4257	
12	42.0283	21.1593	
13	50.3989	28.7266	
14	44.9502	24.6297	
15	40.4669	26.7605	
16	43.0956	21.7989	
17	46.0709	24.8079	
18	40.5382	28.7588	
robot
0	0	0	2
1	0	0	2
2	0	0	1
3	0	0	3
4	0	0	4
constraints
8
58	148
140	163
57	170
69	111
2	157
62	180
34	118
93	168
