32A10B9C29D27E14F41G14H5I19J_T10_R5	10	5	200
task
0	32	3	1	2	5	597.612	533.534	357.016	
0	48.2344	3.16012	
1	48.8994	3.30552	
2	49.1996	4.70138	
3	48.0566	12.9816	
4	57.9614	10.7151	
5	44.2388	5.35813	
6	43.7298	13.1932	
7	51.5008	14.489	
8	45.1712	12.6444	
9	50.2622	13.8096	
10	46.1831	10.4873	
11	49.2173	13.2891	
12	36.3264	17.4437	
13	45.9863	14.1913	
14	49.1201	17.5082	
15	46.3382	32.5361	
16	44.2841	25.9572	
17	46.4807	25.524	
18	35.2238	29.7974	
19	45.1595	37.9514	
20	42.5286	35.666	
21	44.9573	25.7051	
22	40.5621	33.6947	
23	33.7306	31.1677	
24	29.4332	31.057	
25	39.5859	31.2639	
26	41.1537	34.5174	
27	23.1362	43.6234	
28	29.352	43.6221	
29	32.1778	42.0437	
30	26.9777	45.3681	
31	21.7759	37.0962	
1	10	6	0	1	2	3	4	5	525.375	497.316	470.65	348.658	397.413	240.004	
0	48.4952	4.70409	
1	46.6381	3.80217	
2	49.9416	4.96016	
3	45.5538	2.94678	
4	49.2557	11.2462	
5	44.5516	5.20148	
6	46.7585	7.78396	
7	47.6489	12.1081	
8	45.8565	12.8168	
9	47.2267	16.1176	
2	9	4	1	2	3	5	536.718	459.307	234.83	218.512	
0	42.995	-0.913926	
1	56.4039	4.45968	
2	49.7174	5.6252	
3	48.7072	13.6674	
4	47.7686	10.6431	
5	48.7099	9.16081	
6	47.1568	2.81167	
7	44.8539	12.1903	
8	50.1095	11.8965	
3	29	4	0	2	3	5	473.436	588.657	273.436	335.922	
0	51.7716	2.25144	
1	46.4542	7.4454	
2	53.0882	3.70437	
3	48.2282	12.0041	
4	45.7943	5.91207	
5	43.2448	9.74392	
6	45.984	3.39088	
7	47.072	12.2851	
8	47.0985	12.7823	
9	52.5288	24.0939	
10	49.2107	18.5165	
11	40.3645	15.5368	
12	35.9388	18.0386	
13	46.5489	21.246	
14	47.7163	19.6849	
15	46.6358	28.1837	
16	35.6794	25.5117	
17	51.6343	26.1419	
18	43.4562	25.7838	
19	31.6772	27.999	
20	37.5743	25.7689	
21	45.3483	38.6896	
22	46.8683	34.5842	
23	38.5701	25.6235	
24	28.5789	37.5442	
25	35.7145	32.448	
26	31.6674	37.3943	
27	31.5944	44.2802	
28	27.6535	37.7874	
4	27	4	0	3	4	5	455.327	224.482	269.456	269.655	
0	49.7539	2.62465	
1	48.8634	6.94725	
2	47.0922	0.29368	
3	58.7213	5.16373	
4	54.3365	15.4975	
5	49.4344	9.43295	
6	49.7736	18.6773	
7	50.9988	9.71111	
8	52.192	21.092	
9	51.8323	9.34679	
10	48.1428	18.1472	
11	47.3611	21.4234	
12	48.7127	24.8431	
13	44.7726	27.1447	
14	35.186	27.6331	
15	36.8247	23.1647	
16	43.7464	26.8508	
17	44.1686	27.3452	
18	42.5273	19.6321	
19	40.4725	30.7885	
20	39.3732	31.5266	
21	35.7804	29.038	
22	43.9481	35.0239	
23	29.3868	28.276	
24	34.7006	35.4351	
25	37.44	38.2644	
26	28.5512	34.7754	
5	14	5	0	1	2	4	5	488.361	416.92	485.973	273.834	251.347	
0	48.2384	3.56251	
1	52.2389	1.34134	
2	51.037	-0.690013	
3	48.2984	8.18886	
4	49.2022	9.4445	
5	47.3538	12.5046	
6	52.9132	9.13097	
7	49.4251	21.4166	
8	46.9648	14.2943	
9	46.3221	17.8567	
10	48.3401	17.3533	
11	47.0598	18.2457	
12	44.7999	19.3943	
13	44.0805	22.9519	
6	41	2	1	3	435.626	359.404	
0	48.9176	4.94939	
1	49.8459	3.92283	
2	50.6656	1.81177	
3	55.6441	3.81552	
4	41.1663	5.15694	
5	44.8227	7.72718	
6	47.3214	13.2203	
7	45.9658	12.5208	
8	49.143	11.344	
9	53.5103	20.1336	
10	54.7808	12.8668	
11	51.9072	21.2718	
12	37.0625	21.7595	
13	42.6705	29.5017	
14	46.4256	24.2652	
15	39.285	24.929	
16	47.6353	23.6526	
17	37.0157	30.3565	
18	41.9037	29.6611	
19	39.4072	29.266	
20	40.7657	30.5579	
21	36.6184	29.5398	
22	43.5318	33.732	
23	35.833	35.531	
24	42.3092	38.8798	
25	29.4904	34.861	
26	34.908	43.7431	
27	32.4943	38.2172	
28	30.2139	40.0403	
29	33.1515	34.4298	
30	36.3753	37.8594	
31	28.1943	47.2493	
32	34.1381	44.9741	
33	22.0492	53.4599	
34	28.5585	44.9418	
35	26.3707	39.2405	
36	10.4517	45.2078	
37	12.5966	52.7571	
38	16.1337	45.2746	
39	13.8969	39.7997	
40	14.2432	48.2998	
7	14	5	0	1	2	3	5	421.298	514.43	485.376	339.504	344.877	
0	51.0197	-6.62058	
1	52.5004	4.51616	
2	52.2043	4.75788	
3	49.5497	3.13513	
4	51.1428	10.2811	
5	48.85	9.61062	
6	50.4022	15.3414	
7	46.6092	3.751	
8	46.9712	12.1286	
9	50.6739	24.8635	
10	52.4661	12.7149	
11	51.1975	16.7781	
12	43.6779	21.1902	
13	39.5039	24.9644	
8	5	4	0	1	3	5	500.5	460.103	267.864	244.581	
0	49.7688	2.90798	
1	49.902	3.96468	
2	52.3628	5.65418	
3	56.5118	9.82041	
4	49.9525	12.1281	
9	19	6	0	1	2	3	4	5	405.378	544.479	551.444	304.082	259.108	319.206	
0	52.1837	-4.54028	
1	46.4371	7.55335	
2	40.8331	6.38164	
3	51.87	6.96991	
4	50.8231	7.06691	
5	52.5554	12.3883	
6	56.6868	15.2842	
7	50.7477	16.0511	
8	47.8984	14.4112	
9	47.5491	16.2468	
10	48.1066	18.4622	
11	47.6343	22.9082	
12	41.8334	29.3635	
13	45.9977	24.5729	
14	44.524	17.4552	
15	38.6734	25.1021	
16	37.8765	25.5542	
17	43.3724	26.9798	
18	40.9076	25.9794	
robot
0	0	0	2
1	0	0	2
2	0	0	1
3	0	0	3
4	0	0	4
constraints
53
92	154
10	102
28	80
60	194
42	167
48	154
6	116
110	163
72	93
114	140
35	121
26	166
4	11
40	192
27	38
16	101
10	172
37	142
47	146
68	71
131	137
128	145
28	101
157	170
90	108
114	164
53	190
119	189
144	184
32	82
150	154
24	118
79	161
11	78
4	60
20	21
73	165
111	193
66	129
26	122
75	191
122	159
114	128
95	189
43	133
8	25
146	177
7	179
90	112
108	136
88	109
33	112
95	168
