38A12B11C9D5E5F5G5H5I5J_T10_R5	10	5	100
task
0	38	4	1	2	4	5	595.025	421.696	399.801	343.484	
0	44.1495	3.63218	
1	47.7919	7.07228	
2	46.8745	11.0886	
3	47.481	8.97769	
4	48.9013	23.0401	
5	39.3798	20.6796	
6	41.8416	26.3793	
7	41.6857	26.7865	
8	41.5165	27.7158	
9	37.9994	21.8429	
10	36.5948	34.7998	
11	42.5608	37.6453	
12	32.9319	32.1763	
13	31.289	31.643	
14	31.2728	38.1847	
15	29.7207	34.5261	
16	23.4818	40.4532	
17	16.382	50.1999	
18	22.4392	39.5691	
19	15.7615	48.0024	
20	2.16948	48.7413	
21	10.8624	46.0647	
22	4.95863	45.3349	
23	1.82715	50.0929	
24	2.55022	47.6083	
25	-0.443798	41.5446	
26	-7.60376	49.2786	
27	-10.9403	48.9626	
28	-9.40943	40.8633	
29	-24.7404	45.7088	
30	-16.8203	52.7807	
31	-24.4144	44.6384	
32	-27.5467	38.1934	
33	-32.4521	44.4348	
34	-37.5997	44.7004	
35	-40.8877	33.1432	
36	-28.8309	37.3868	
37	-37.8478	39.9299	
1	12	6	0	1	2	3	4	5	554.628	456.322	484.978	232.044	219.905	203.388	
0	46.483	0.56685	
1	42.0568	6.08745	
2	40.2901	10.2652	
3	48.1192	14.9839	
4	49.1201	14.9113	
5	52.2099	15.3223	
6	45.1118	23.0649	
7	46.7021	24.7037	
8	41.4958	27.3871	
9	37.916	38.719	
10	39.9407	30.7779	
11	35.6313	35.7231	
2	11	5	0	2	3	4	5	459.108	502.49	209.557	268.66	280.6	
0	54.4469	9.6767	
1	57.7353	3.88993	
2	40.4127	7.83011	
3	50.4677	12.0209	
4	49.7205	19.2075	
5	46.1051	22.7286	
6	41.8601	24.1564	
7	45.105	16.7126	
8	41.3727	28.005	
9	33.0217	25.7435	
10	39.0905	30.6356	
3	9	3	0	1	3	518.41	505.873	248.76	
0	44.9831	10.73	
1	46.4947	7.78545	
2	50.9853	7.35779	
3	45.5691	18.3331	
4	41.8296	14.1551	
5	48.9657	11.3037	
6	40.7634	21.7269	
7	44.409	33.769	
8	41.279	32.1227	
4	5	5	0	1	2	3	4	401.199	524.181	489.555	317.216	300.898	
0	47.544	8.22627	
1	50.1652	-0.451773	
2	38.9308	9.53548	
3	47.2124	14.9972	
4	46.2697	16.4979	
5	5	4	0	2	3	4	529.156	561.792	245.377	271.247	
0	45.702	5.53645	
1	49.2845	7.82462	
2	54.6932	5.77124	
3	48.0315	13.9381	
4	56.8159	18.8641	
6	5	4	1	2	3	4	571.543	420.701	380.299	380.1	
0	52.4689	-4.56201	
1	49.109	2.96928	
2	55.6451	15.7525	
3	51.0008	15.3541	
4	43.892	8.97792	
7	5	5	1	2	3	4	5	464.282	434.631	214.731	377.314	213.935	
0	49.1156	0.689549	
1	43.4824	12.4004	
2	48.1752	10.7138	
3	40.282	8.55202	
4	46.6588	13.347	
8	5	3	1	3	5	552.439	304.48	228.86	
0	49.6318	-2.99335	
1	49.6156	8.01269	
2	45.0774	12.3257	
3	47.3914	5.71267	
4	53.6791	12.05	
9	5	3	0	3	5	428.86	225.875	212.144	
0	44.7651	8.748	
1	40.4543	3.68887	
2	53.9459	2.44004	
3	39.633	12.7302	
4	44.9914	14.4556	
robot
0	0	0	2
1	0	0	2
2	0	0	1
3	0	0	3
4	0	0	4
constraints
12
11	23
4	97
7	19
87	89
66	89
24	25
5	37
20	30
61	89
39	89
13	44
4	59
