41A38B8C13D_T4_R3	4	3	100
task
0	41	3	0	2	4	831.34	735.724	345.288	
0	49.5705	1.71246	
1	46.6813	16.7095	
2	43.8892	12.5357	
3	45.0663	15.4752	
4	47.4486	7.71523	
5	37.7845	23.6089	
6	44.8813	25.7812	
7	37.5234	31.1782	
8	47.8164	24.8603	
9	47.9429	28.1347	
10	32.5068	31.7481	
11	38.7351	36.2673	
12	30.3113	40.9223	
13	37.4802	39.9799	
14	23.4838	36.2431	
15	25.4182	42.237	
16	18.1273	42.6049	
17	17.4251	51.8169	
18	22.7703	50.4427	
19	10.9655	46.6094	
20	15.0096	53.4459	
21	6.78521	45.6353	
22	-1.67496	53.8293	
23	4.25769	53.436	
24	-1.76406	49.3452	
25	0.414733	49.6165	
26	-5.43106	40.5416	
27	-9.83239	48.5987	
28	-23.6119	47.7128	
29	-13.9045	48.3787	
30	-19.9537	45.8216	
31	-27.6786	44.2703	
32	-28.8587	40.0715	
33	-30.0961	48.3886	
34	-25.7967	35.4997	
35	-29.802	29.7017	
36	-26.8978	31.0481	
37	-37.9291	33.7691	
38	-39.4106	30.1984	
39	-47.5501	25.2391	
40	-38.1651	26.5442	
1	38	2	0	2	787.516	827.024	
0	44.1821	12.3078	
1	46.2738	0.635888	
2	51.4077	13.6532	
3	50.61	16.386	
4	38.3972	13.8243	
5	37.6236	18.8136	
6	39.842	19.9547	
7	49.4315	26.2999	
8	35.6258	26.8235	
9	30.7933	28.6974	
10	33.7242	29.8558	
11	41.4769	31.4685	
12	31.849	43.8896	
13	35.8658	47.7304	
14	28.7106	41.4884	
15	24.7563	36.9058	
16	18.0227	48.2742	
17	25.6422	40.3159	
18	17.9786	47.063	
19	17.0587	41.4083	
20	16.2847	52.9109	
21	5.76968	57.6011	
22	6.16083	48.0208	
23	5.96634	51.5881	
24	-3.42804	46.0875	
25	-4.38344	50.8519	
26	-5.81452	53.3803	
27	-13.0003	47.6273	
28	-13.4897	44.7271	
29	-18.845	49.2131	
30	-24.6141	52.1063	
31	-22.9035	44.3785	
32	-28.4664	44.7728	
33	-29.0268	48.012	
34	-26.7081	44.7842	
35	-32.6331	37.3743	
36	-41.5859	32.3296	
37	-32.1427	36.5654	
2	8	6	0	1	2	3	4	5	814.408	898.072	926.956	644.088	578.352	444.888	
0	44.2528	0.95122	
1	51.7388	5.99457	
2	46.5317	11.99	
3	46.4056	13.8987	
4	45.5961	16.2102	
5	44.9743	22.0436	
6	37.229	18.2449	
7	42.8778	24.4439	
3	13	4	0	1	4	5	995.68	909.36	648.404	646.412	
0	48.9247	14.3877	
1	56.4988	9.31804	
2	48.8797	10.8209	
3	45.7184	19.8586	
4	47.1036	20.0758	
5	45.8632	17.9069	
6	39.1322	14.8348	
7	47.4813	34.3091	
8	36.5498	35.8903	
9	31.6234	34.663	
10	43.1786	25.3569	
11	33.0946	36.6166	
12	33.0652	28.1346	
robot
0	0	0	2
1	0	0	2
2	0	0	1
constraints
49
13	66
1	14
68	73
17	50
19	76
32	55
47	86
17	55
36	53
49	96
23	79
11	74
22	31
18	65
62	88
14	37
24	73
17	19
7	67
7	93
2	61
6	54
10	85
58	66
13	92
3	35
10	71
16	26
34	92
50	57
53	58
12	27
33	83
31	69
18	36
20	56
82	84
34	51
46	78
57	98
60	83
5	71
8	93
12	56
39	79
17	73
28	67
25	35
6	25
