41A8B12C5D5E8F6G5H5I5J_T10_R5	10	5	100
task
0	41	5	1	2	3	4	5	406.174	430.253	305.276	232.641	246.173	
0	49.8419	3.00646	
1	52.6434	4.39328	
2	51.8621	6.57152	
3	43.9685	9.58677	
4	43.9599	10.2759	
5	43.8057	21.788	
6	47.7861	31.0221	
7	43.257	23.2723	
8	42.4134	27.9491	
9	31.159	31.0654	
10	39.0197	40.2572	
11	36.6257	36.6726	
12	31.3235	33.0216	
13	26.158	34.847	
14	31.3379	48.4518	
15	25.2169	43.3336	
16	25.9903	46.7547	
17	10.1147	47.1812	
18	19.1088	52.8405	
19	12.6308	47.042	
20	14.5541	54.6188	
21	14.3479	56.331	
22	3.05019	51.2395	
23	1.47982	57.4247	
24	3.51172	47.3456	
25	-4.12342	50.3155	
26	-12.4956	46.2502	
27	-10.2202	49.334	
28	-13.4272	47.1493	
29	-16.6577	47.4253	
30	-20.0574	45.7808	
31	-24.0298	45.8199	
32	-28.0047	40.4189	
33	-32.0153	47.9754	
34	-30.6687	39.8891	
35	-35.7682	38.6589	
36	-36.8603	38.726	
37	-35.0419	32.1994	
38	-42.5645	28.1184	
39	-40.6968	21.1684	
40	-42.3815	23.6397	
1	8	3	0	3	5	446.77	274.033	387.065	
0	57.2974	7.46577	
1	54.0076	7.23649	
2	55.635	6.25711	
3	44.6986	10.6752	
4	46.5957	16.9731	
5	46.3478	25.9394	
6	45.0406	15.6057	
7	41.2382	25.1781	
2	12	6	0	1	2	3	4	5	528.559	499.306	537.315	348.26	318.41	317.017	
0	53.8202	9.78286	
1	46.8206	15.3889	
2	55.8729	8.84926	
3	46.4283	13.3668	
4	50.5738	17.8662	
5	45.8117	20.3813	
6	45.7583	22.7748	
7	40.3565	28.0012	
8	35.0412	29.0228	
9	39.9087	24.8483	
10	35.1639	26.8089	
11	39.9953	39.6022	
3	5	3	1	2	5	514.828	576.916	363.185	
0	55.8574	0.791821	
1	46.9825	8.01834	
2	46.4673	15.6233	
3	52.751	15.4224	
4	45.459	8.02629	
4	5	6	0	1	2	3	4	5	426.671	574.528	470.849	362.389	335.922	350.847	
0	52.6595	10.025	
1	47.3805	7.43943	
2	45.9678	3.89573	
3	49.4747	13.9305	
4	46.901	22.6446	
5	8	2	0	3	456.521	308.858	
0	43.8311	1.53342	
1	48.017	14.9922	
2	51.4122	18.3186	
3	50.413	14.5809	
4	56.3812	14.094	
5	45.7915	19.7553	
6	43.7171	22.044	
7	44.9741	21.4004	
6	6	5	1	2	3	4	5	567.961	481.595	304.281	296.122	329.156	
0	45.5951	6.80406	
1	46.5989	7.97944	
2	48.7296	7.41744	
3	45.0943	7.6425	
4	43.9947	10.4582	
5	43.727	18.79	
7	5	4	0	3	4	5	541.494	391.244	202.791	236.223	
0	44.6201	2.47389	
1	44.97	5.43128	
2	50.5708	19.3421	
3	51.7736	15.6604	
4	49.0128	10.1564	
8	5	5	0	1	3	4	5	579.503	424.88	203.189	374.329	268.66	
0	47.9393	1.15297	
1	58.3384	5.46053	
2	47.1425	13.0666	
3	54.9127	16.0474	
4	46.3766	12.1426	
9	5	3	0	2	3	419.308	550.648	294.331	
0	50.3224	4.13269	
1	41.4182	6.66304	
2	47.0973	9.00488	
3	48.4485	13.6622	
4	53.8576	17.2362	
robot
0	0	0	2
1	0	0	2
2	0	0	1
3	0	0	3
4	0	0	4
constraints
38
52	88
78	86
40	98
5	16
33	75
31	87
6	75
44	49
33	80
19	38
12	24
21	25
28	72
12	45
8	97
49	80
29	36
74	86
2	86
85	88
40	82
5	28
50	79
34	53
20	33
28	77
1	44
51	62
37	41
28	47
31	74
16	76
56	57
71	89
5	42
34	47
80	94
54	59
