43A13B5C9D5E5F5G5H5I5J_T10_R5	10	5	100
task
0	43	2	1	5	510.649	310.45	
0	44.495	12.8045	
1	44.053	8.12382	
2	50.0163	11.3548	
3	55.2225	11.8044	
4	46.2788	18.2496	
5	49.2207	13.7922	
6	42.3767	14.6575	
7	45.3917	21.581	
8	40.6946	28.1117	
9	37.3994	30.5784	
10	36.5021	33.6251	
11	28.3996	38.3138	
12	31.405	41.4815	
13	31.6872	35.1083	
14	19.1233	45.0416	
15	21.7869	37.1793	
16	19.0639	46.2615	
17	16.8402	41.6776	
18	21.9864	43.3746	
19	18.3989	50.2101	
20	11.4944	49.3112	
21	-0.590537	53.3445	
22	7.75553	48.2483	
23	6.624	54.7782	
24	0.328636	43.123	
25	-1.71782	48.4186	
26	-5.20785	52.7508	
27	-11.251	49.0833	
28	-11.7838	46.8436	
29	-14.6632	56.3727	
30	-19.3808	46.5584	
31	-27.2765	39.0873	
32	-16.7174	44.7614	
33	-31.037	43.1681	
34	-22.1839	42.5551	
35	-31.4069	29.6302	
36	-35.0641	35.9517	
37	-40.1225	33.1182	
38	-35.2809	32.1994	
39	-31.7716	26.4646	
40	-50.3978	22.6481	
41	-45.1224	22.8781	
42	-42.8114	28.2349	
1	13	3	2	3	4	589.851	397.811	278.61	
0	52.5994	3.54639	
1	47.7645	6.54888	
2	56.825	10.0953	
3	48.0063	12.6291	
4	41.6108	9.15575	
5	46.5773	20.4198	
6	40.7351	18.1464	
7	37.2725	23.2529	
8	44.3101	30.2791	
9	39.4642	30.5329	
10	29.7129	26.8627	
11	31.5398	35.8613	
12	35.0721	28.5259	
2	5	6	0	1	2	3	4	5	507.067	403.388	493.336	344.678	266.67	286.371	
0	56.75	8.76938	
1	43.2962	1.00436	
2	49.1283	10.52	
3	48.0211	14.149	
4	49.4829	22.5713	
3	9	4	0	1	3	5	562.588	468.461	376.717	304.082	
0	58.4306	1.95201	
1	50.3675	3.66618	
2	49.1223	5.12602	
3	45.6897	9.38748	
4	48.0921	17.8032	
5	47.6018	26.0438	
6	46.6996	26.5499	
7	44.2535	26.5369	
8	42.6319	23.3728	
4	5	6	0	1	2	3	4	5	487.167	552.439	535.524	291.545	266.869	208.761	
0	48.3799	9.75526	
1	47.6422	4.45567	
2	46.8975	11.3944	
3	50.0869	12.4629	
4	43.5674	19.9635	
5	5	4	1	2	4	5	448.959	569.354	266.073	214.532	
0	42.5822	-1.17041	
1	41.5927	6.78821	
2	48.2712	5.71325	
3	40.1535	9.8195	
4	39.6666	18.3926	
6	5	2	3	5	377.513	306.47	
0	43.3884	5.84178	
1	42.9879	9.08403	
2	52.4818	19.4234	
3	52.7573	12.6025	
4	40.3217	14.8459	
7	5	5	0	1	2	4	5	527.564	577.911	424.88	226.472	231.646	
0	46.6932	5.47702	
1	50.642	7.90058	
2	47.506	9.78421	
3	46.7708	16.4688	
4	52.4701	18.9283	
8	5	5	0	1	2	3	5	417.517	530.549	424.084	301.694	359.603	
0	40.9567	6.21718	
1	49.0912	7.52081	
2	48.9405	11.1697	
3	47.1748	15.7641	
4	42.035	15.7842	
9	5	2	1	4	542.489	364.379	
0	45.9629	4.51373	
1	48.736	7.77665	
2	51.906	9.58337	
3	47.6602	9.93475	
4	53.5908	14.8532	
robot
0	0	0	2
1	0	0	2
2	0	0	1
3	0	0	3
4	0	0	4
constraints
40
60	65
9	82
48	73
88	95
34	86
56	87
18	22
60	66
5	31
28	56
29	81
68	95
2	71
22	24
52	56
9	67
29	70
36	78
6	11
1	58
4	26
19	77
25	81
38	93
1	24
1	2
44	50
8	16
6	14
29	88
11	28
58	87
10	35
16	61
11	40
18	39
12	33
12	36
33	80
4	71
