44A17B10C12D34E48F11G5H6I13J_T10_R5	10	5	200
task
0	44	6	0	1	2	3	4	5	403.388	554.23	412.144	278.212	270.053	257.516	
0	54.5333	-3.64019	
1	52.3192	-2.44363	
2	51.9878	-1.71836	
3	49.2338	6.34412	
4	47.1622	9.36492	
5	47.2209	12.2164	
6	50.3815	12.9026	
7	43.2913	9.05774	
8	44.8624	14.2004	
9	44.7129	20.9101	
10	46.1175	20.8872	
11	49.1414	23.7773	
12	45.7788	26.0912	
13	46.3512	30.7876	
14	46.1453	25.0775	
15	41.4974	25.0168	
16	40.0841	23.9343	
17	40.6643	28.3473	
18	38.867	33.4668	
19	38.3378	28.6227	
20	35.3455	36.1912	
21	38.0721	24.1417	
22	37.3425	26.4688	
23	37.1696	35.0603	
24	37.124	37.6187	
25	25.9487	32.8723	
26	28.2332	35.5838	
27	29.8834	39.0034	
28	30.4654	40.5122	
29	31.0188	40.3693	
30	32.6164	40.1105	
31	25.7298	51.6524	
32	29.9397	37.7878	
33	24.9137	43.8182	
34	21.9029	43.3836	
35	19.4973	50.8705	
36	18.8785	45.8614	
37	14.4378	55.7665	
38	8.22188	42.9851	
39	15.1279	43.5803	
40	21.4055	48.174	
41	10.5366	49.0852	
42	12.9064	55.9432	
43	9.23582	49.0828	
1	17	3	2	4	5	470.451	256.919	392.637	
0	46.1466	6.83107	
1	52.2322	2.72519	
2	50.7737	10.2978	
3	53.5231	2.53863	
4	51.6198	5.50714	
5	51.9702	7.51871	
6	42.8078	13.5605	
7	47.9966	12.2925	
8	42.5411	15.7375	
9	51.6167	18.2577	
10	47.0514	18.2381	
11	45.0786	22.0044	
12	44.8749	29.0767	
13	43.2592	16.4754	
14	44.2994	21.1886	
15	45.8121	20.0255	
16	42.021	33.5992	
2	10	3	0	3	5	551.444	309.853	298.51	
0	52.0406	4.37372	
1	57.679	0.114056	
2	48.3721	1.0296	
3	49.8733	6.77438	
4	42.1507	12.2734	
5	40.9606	12.7951	
6	51.6673	3.36359	
7	47.0668	15.5084	
8	45.7301	6.88848	
9	43.2086	9.37001	
3	12	3	0	3	4	565.971	269.456	376.319	
0	51.3389	0.977801	
1	47.7535	5.34507	
2	50.4226	4.79729	
3	50.0946	8.24631	
4	41.6738	14.7105	
5	49.3492	10.673	
6	47.353	12.7461	
7	47.1173	22.4569	
8	49.3723	15.8063	
9	47.2524	16.2253	
10	50.3958	9.57701	
11	48.064	9.95204	
4	34	5	0	2	3	4	5	554.429	567.961	324.579	385.672	363.583	
0	53.0735	-0.10441	
1	41.0652	1.90311	
2	48.177	4.38169	
3	48.7682	7.79662	
4	50.0765	6.63075	
5	50.2847	11.4459	
6	45.7701	4.34622	
7	48.6847	15.6715	
8	50.6495	9.79398	
9	56.0584	14.0628	
10	45.418	24.5409	
11	47.3066	21.3165	
12	48.2362	20.4236	
13	49.1894	21.2054	
14	40.2587	16.142	
15	45.4985	32.0547	
16	42.6325	26.1242	
17	43.1517	26.4482	
18	46.9975	31.6617	
19	39.7919	31.0319	
20	38.6755	31.6353	
21	38.5012	32.3319	
22	38.7724	34.3977	
23	39.3641	37.6912	
24	40.6781	33.0455	
25	33.098	35.8044	
26	32.255	37.92	
27	37.9573	39.484	
28	30.3548	34.0927	
29	33.5969	47.2345	
30	28.8062	45.9551	
31	25.9692	42.341	
32	32.1402	38.6891	
33	21.3125	41.4643	
5	48	5	1	2	3	4	5	417.716	556.618	296.719	243.785	380.896	
0	49.1629	-0.768448	
1	50.9417	0.148694	
2	52.5241	8.85903	
3	52.1238	15.8631	
4	53.7808	7.40296	
5	49.3147	11.2753	
6	48.6586	11.6732	
7	56.5665	13.0343	
8	54.3093	14.6183	
9	45.8256	14.1057	
10	49.8234	23.6606	
11	49.4565	21.0628	
12	44.6865	23.0308	
13	35.4217	23.3768	
14	44.6625	26.9645	
15	42.854	25.8238	
16	44.8994	20.0643	
17	44.9378	21.0747	
18	39.3667	33.7053	
19	46.4837	22.5519	
20	38.5546	26.9063	
21	42.9435	36.1915	
22	39.9445	28.7798	
23	33.7834	29.0124	
24	33.4584	38.9983	
25	40.6178	36.5409	
26	36.2048	34.4698	
27	28.4328	39.2526	
28	30.8705	44.5858	
29	36.268	44.1591	
30	31.4282	48.7086	
31	20.2969	48.7621	
32	22.4744	52.1629	
33	20.8314	44.7614	
34	24.7983	42.919	
35	21.1889	48.0141	
36	18.9626	45.6924	
37	17.6198	47.6597	
38	19.5652	48.8368	
39	13.6141	47.5311	
40	22.8617	45.7435	
41	11.328	48.5676	
42	12.8957	44.1653	
43	8.78029	48.0588	
44	8.85691	56.9338	
45	8.17259	52.5553	
46	1.22509	58.1581	
47	-0.536676	48.0305	
6	11	4	0	3	4	5	423.089	215.726	359.404	366.767	
0	50.6158	1.95807	
1	54.3848	7.13404	
2	48.5159	-1.97033	
3	51.1836	16.5064	
4	45.3351	11.9665	
5	46.1109	14.6311	
6	43.3514	7.84606	
7	53.6369	14.1898	
8	49.1702	16.1349	
9	55.9981	17.7972	
10	46.5735	18.2604	
7	5	6	0	1	2	3	4	5	402.99	554.031	472.043	212.542	255.526	369.951	
0	51.9814	-5.3811	
1	49.5589	-0.628131	
2	47.5587	-1.09447	
3	44.8613	8.45679	
4	42.9032	1.57271	
8	6	5	0	1	3	4	5	429.855	408.164	398.408	261.496	344.479	
0	45.8348	-6.51938	
1	47.9129	4.17957	
2	49.5726	5.45264	
3	47.1995	16.2515	
4	56.2158	4.29895	
5	47.3008	10.5878	
9	13	5	0	1	3	4	5	554.827	528.161	394.826	266.272	270.451	
0	55.3594	0.24938	
1	48.9059	5.44617	
2	50.186	5.15482	
3	51.5674	14.6906	
4	55.4336	3.80211	
5	48.9079	10.1666	
6	50.4046	5.79739	
7	57.846	15.6626	
8	49.0365	21.0197	
9	47.6156	18.3328	
10	39.8275	21.2677	
11	55.1266	18.1172	
12	49.0917	12.7071	
robot
0	0	0	2
1	0	0	2
2	0	0	1
3	0	0	3
4	0	0	4
constraints
43
129	145
125	189
104	121
131	173
61	108
4	163
70	168
159	186
158	198
88	134
118	169
46	104
94	143
15	34
139	197
153	164
60	181
57	145
154	184
23	175
121	156
37	83
22	185
60	179
102	146
161	190
85	127
8	93
10	89
53	102
34	133
24	163
66	108
20	170
88	159
94	132
77	159
186	194
158	167
127	154
53	153
171	177
52	90
