45A24B25C6D_T4_R3	4	3	100
task
0	45	3	0	1	3	684.264	914.008	399.404	
0	49.3849	7.66929	
1	49.8952	7.96292	
2	53.8185	12.4692	
3	41.0998	14.2106	
4	49.8597	17.0957	
5	39.0239	13.4933	
6	40.1623	23.9742	
7	46.0564	27.5029	
8	41.06	30.3239	
9	39.214	31.962	
10	33.3541	33.6961	
11	35.2829	35.2864	
12	32.3899	45.777	
13	30.3947	39.9037	
14	30.8192	39.4579	
15	27.3588	38.5544	
16	23.1971	49.173	
17	17.1825	45.7526	
18	18.5584	39.792	
19	11.0032	47.0565	
20	20.457	51.375	
21	7.63876	49.0754	
22	9.05859	53.9674	
23	-5.32039	44.9682	
24	-4.51177	53.4447	
25	2.99515	43.5691	
26	0.152708	51.2193	
27	-8.2641	46.4383	
28	-10.9401	45.859	
29	-22.4847	47.9248	
30	-19.6471	45.4013	
31	-25.2078	44.1705	
32	-22.8039	34.5306	
33	-19.9595	36.539	
34	-36.263	36.5123	
35	-36.8581	34.9985	
36	-35.7519	32.617	
37	-35.476	32.6017	
38	-39.5053	30.4186	
39	-48.4298	31.3849	
40	-38.7132	26.1681	
41	-44.1821	14.3514	
42	-48.9755	12.4713	
43	-53.7967	19.8145	
44	-49.9736	20.1199	
1	24	5	0	2	3	4	5	707.836	916.664	618.192	476.428	373.84	
0	40.449	2.12269	
1	49.4079	3.99154	
2	56.4562	14.7493	
3	47.102	12.9008	
4	47.6921	16.4337	
5	46.1092	26.8833	
6	44.0887	23.3519	
7	48.1511	24.3072	
8	46.3301	33.3352	
9	33.2383	37.1566	
10	37.8312	34.2095	
11	36.6789	25.8359	
12	28.5905	33.0855	
13	27.4222	41.7885	
14	32.0005	39.2427	
15	29.523	51.9733	
16	21.3892	45.3367	
17	18.7099	45.4487	
18	18.2248	38.1963	
19	18.4122	45.8452	
20	10.8627	50.6548	
21	6.62005	52.3705	
22	12.8115	49.0102	
23	-7.26658	51.0928	
2	25	4	1	2	3	5	792.496	793.824	512.284	506.308	
0	47.2404	-0.598932	
1	41.0024	11.8961	
2	44.3956	11.3232	
3	44.3892	15.3587	
4	46.846	13.7926	
5	44.8114	16.9817	
6	43.9376	12.9782	
7	42.0975	23.6071	
8	40.8106	29.3825	
9	35.1899	34.6498	
10	38.5564	34.3504	
11	33.6066	26.19	
12	37.45	43.2292	
13	37.0439	38.8602	
14	25.4439	34.2451	
15	24.3822	38.1012	
16	22.8155	42.8935	
17	18.889	45.6445	
18	20.2983	47.9511	
19	14.3644	47.6979	
20	11.8461	48.0778	
21	6.6031	52.2553	
22	9.5327	56.5068	
23	5.80973	51.235	
24	-9.96913	46.8321	
3	6	4	0	2	4	5	903.716	905.044	566.068	479.748	
0	53.5575	-3.46273	
1	56.4516	12.3062	
2	46.1668	2.06962	
3	43.5674	18.4535	
4	47.2871	16.7779	
5	48.2747	22.4304	
robot
0	0	0	2
1	0	0	2
2	0	0	1
constraints
33
59	79
57	82
80	85
25	30
24	35
40	60
26	80
24	73
54	98
31	58
54	70
54	62
8	52
16	24
80	81
31	75
0	81
24	49
27	35
33	64
47	79
61	70
44	80
62	63
68	84
24	66
2	40
2	84
37	74
70	72
19	47
22	84
25	27
