45A44B29C22D10E16F6G10H10I8J_T10_R5	10	5	200
task
0	45	4	0	1	3	5	578.309	494.53	364.976	240.203	
0	49.3487	3.24403	
1	53.3591	-3.30898	
2	50.6213	6.22141	
3	45.2596	9.51799	
4	45.4349	8.98195	
5	47.1834	17.2502	
6	49.5309	17.4301	
7	48.2652	12.344	
8	39.4734	15.647	
9	43.8539	17.2218	
10	44.1524	16.2118	
11	40.2102	16.5449	
12	42.7211	28.1894	
13	39.4354	21.0959	
14	45.2705	22.2998	
15	40.1044	19.3053	
16	35.7077	26.8234	
17	46.9906	27.7775	
18	40.7108	29.014	
19	31.8016	24.6829	
20	38.5111	29.1626	
21	38.7803	32.438	
22	38.4821	33.678	
23	43.0602	38.8448	
24	28.8355	28.4187	
25	32.9991	36.6534	
26	34.1871	40.7573	
27	38.7812	34.8857	
28	28.9507	43.0198	
29	33.7398	35.6592	
30	32.5562	37.8292	
31	26.7848	42.6767	
32	25.5155	34.3609	
33	22.9049	47.9049	
34	19.0036	43.4221	
35	10.7653	44.8292	
36	19.0354	43.9155	
37	18.0577	51.4359	
38	9.9054	49.9339	
39	14.1762	49.0749	
40	11.9323	42.7409	
41	13.6542	56.7505	
42	5.48447	48.1333	
43	11.4477	43.3905	
44	5.19742	49.976	
1	44	3	0	2	4	521.196	580.498	301.296	
0	43.4827	-5.06574	
1	50.229	3.9959	
2	47.5273	2.57714	
3	47.4961	10.5866	
4	44.6933	6.27228	
5	44.4524	7.73428	
6	43.6687	11.7035	
7	46.2422	12.9552	
8	41.7155	11.263	
9	47.0149	16.3316	
10	54.5605	18.657	
11	52.8462	13.6986	
12	48.5295	20.5001	
13	45.3406	21.3758	
14	50.5658	24.4881	
15	43.4083	24.675	
16	48.6717	28.0864	
17	43.2073	30.0266	
18	41.7646	26.2206	
19	40.4811	30.3574	
20	39.2918	32.3998	
21	35.4678	27.7587	
22	41.2932	35.4194	
23	38.7281	27.5334	
24	27.3792	37.081	
25	33.8155	36.7294	
26	26.4153	30.508	
27	35.1436	39.412	
28	31.0883	41.0099	
29	21.4872	39.6631	
30	34.7204	35.2154	
31	25.0344	52.2494	
32	23.0601	43.2906	
33	25.2881	44.1875	
34	20.7623	45.4174	
35	23.8486	43.2848	
36	20.3731	50.3532	
37	11.7883	42.4384	
38	20.992	44.5076	
39	15.1381	44.1649	
40	4.35892	46.3693	
41	3.63849	45.6688	
42	4.54426	56.0849	
43	14.9289	51.051	
2	29	3	0	1	2	569.951	499.704	478.809	
0	49.7996	2.72808	
1	48.3689	5.82721	
2	53.3338	1.20097	
3	56.2477	8.28786	
4	49.2981	15.316	
5	49.2912	7.05665	
6	44.9748	13.0622	
7	45.1208	13.6457	
8	49.3575	16.3708	
9	38.9215	12.1224	
10	54.5854	15.6131	
11	44.4379	18.0193	
12	52.4923	16.9363	
13	44.7373	21.7102	
14	43.4398	23.858	
15	37.6862	21.3261	
16	48.1826	31.6047	
17	33.553	26.3579	
18	42.8094	22.0438	
19	41.0123	33.2507	
20	32.6061	35.3906	
21	39.4397	28.529	
22	32.1884	34.0427	
23	27.8008	30.3395	
24	39.0467	38.2418	
25	33.5822	36.3344	
26	32.5121	38.2967	
27	29.9184	44.1265	
28	29.6677	39.6748	
3	22	5	1	2	3	4	5	552.837	442.989	227.666	350.051	298.51	
0	43.1275	-1.85058	
1	57.7325	-0.350521	
2	50.6856	7.8917	
3	46.6244	2.97985	
4	49.0736	6.19305	
5	58.229	10.7806	
6	44.6487	2.65733	
7	52.5869	19.0365	
8	49.7873	14.802	
9	41.0223	21.8766	
10	47.5308	18.325	
11	51.9584	16.8501	
12	44.5576	26.7222	
13	45.2066	31.6815	
14	47.3272	17.5104	
15	34.0219	26.5682	
16	43.6529	26.8461	
17	46.2994	26.5894	
18	32.2831	27.1612	
19	38.8789	37.9736	
20	38.7151	21.5361	
21	44.2282	35.3923	
4	10	2	2	4	424.084	324.38	
0	50.7123	2.41325	
1	46.1932	4.57252	
2	50.1812	5.78892	
3	50.5291	14.7869	
4	48.5448	9.92848	
5	47.4897	11.341	
6	57.3359	10.6245	
7	52.3351	16.2167	
8	47.1533	15.7188	
9	48.3077	9.85424	
5	16	4	1	2	3	4	520.599	589.453	227.865	211.348	
0	56.047	5.66024	
1	47.8081	2.75234	
2	53.7468	5.58831	
3	47.8313	9.0637	
4	53.0165	8.33506	
5	50.8703	18.6782	
6	42.0069	6.20362	
7	51.3889	15.7092	
8	45.1354	5.12252	
9	47.1923	16.2381	
10	53.4814	19.8065	
11	41.9506	26.2085	
12	44.8744	12.6958	
13	46.2443	23.165	
14	49.0963	17.3848	
15	43.0892	31.5936	
6	6	4	0	2	3	4	557.016	593.035	353.434	353.036	
0	46.552	4.11114	
1	46.9341	1.38877	
2	47.6183	-1.0506	
3	56.2726	8.20468	
4	48.737	8.98812	
5	49.3867	12.0421	
7	10	3	0	3	5	583.085	319.803	326.171	
0	49.7402	1.99977	
1	42.4159	9.7622	
2	53.3039	2.4253	
3	44.6999	7.46875	
4	41.3797	6.83663	
5	49.0028	11.7885	
6	49.2174	8.17276	
7	54.5296	7.12263	
8	50.0818	16.7739	
9	39.9646	16.15	
8	10	2	0	4	464.083	307.067	
0	51.038	-0.0476178	
1	55.7926	5.52956	
2	50.369	5.25432	
3	49.9499	3.81586	
4	49.3699	6.5694	
5	48.3889	11.6117	
6	41.2161	10.926	
7	44.4299	13.313	
8	54.8453	8.3998	
9	46.7768	15.4295	
9	8	5	1	2	3	4	5	433.636	433.437	363.981	267.068	225.079	
0	51.1012	2.26763	
1	48.862	4.60983	
2	56.1127	5.93058	
3	53.9603	5.01354	
4	49.5309	8.64691	
5	48.9064	5.82939	
6	52.6622	19.2506	
7	40.7873	15.6634	
robot
0	0	0	2
1	0	0	2
2	0	0	1
3	0	0	3
4	0	0	4
constraints
55
67	159
53	72
18	155
93	150
99	188
10	60
58	72
48	89
19	77
27	75
37	161
170	175
3	91
39	102
37	54
70	104
61	87
162	188
165	168
46	186
112	165
125	131
12	134
82	103
27	127
4	87
180	194
160	180
85	151
154	167
101	147
4	93
29	98
71	76
74	117
67	155
74	125
63	182
11	164
2	176
19	139
51	161
61	75
65	153
36	118
43	81
28	75
17	124
11	104
40	73
123	194
46	166
31	110
54	128
13	136
