49A37B15C41D29E6F6G7H5I5J_T10_R5	10	5	200
task
0	49	3	0	4	5	553.036	380.498	327.763	
0	49.5045	2.35806	
1	48.7326	5.72701	
2	55.4808	2.16255	
3	49.7218	6.71116	
4	50.3105	1.64579	
5	49.145	6.47364	
6	46.5797	5.53153	
7	48.5089	12.8164	
8	48.628	15.1487	
9	43.4011	17.1979	
10	40.0318	13.6305	
11	52.2717	15.6402	
12	44.0463	20.1221	
13	43.6404	22.505	
14	44.0392	23.9355	
15	45.4925	26.9663	
16	42.3578	30.0947	
17	41.7911	31.4603	
18	48.666	26.7559	
19	46.9936	23.5185	
20	32.4106	27.0665	
21	31.0275	27.0482	
22	38.7769	28.6628	
23	36.7194	43.999	
24	28.9763	30.0867	
25	33.4786	37.5132	
26	28.5761	36.2749	
27	38.6587	44.1145	
28	29.5528	40.3067	
29	32.5111	42.7337	
30	18.4552	45.2225	
31	26.1353	42.6355	
32	24.6758	43.5155	
33	23.3481	48.1771	
34	23.446	38.4203	
35	19.1133	50.277	
36	17.4344	44.2141	
37	13.0806	48.5579	
38	7.87797	48.8915	
39	9.40161	39.7743	
40	10.5437	52.4069	
41	11.263	45.1926	
42	11.3509	49.1212	
43	12.599	55.6464	
44	7.68866	47.1259	
45	8.72486	58.342	
46	7.73531	49.8696	
47	0.0964754	48.1448	
48	-1.68475	53.8371	
1	37	2	3	5	205.975	323.982	
0	58.8634	3.31152	
1	46.6966	4.54442	
2	51.8187	6.567	
3	49.5887	11.674	
4	50.9705	4.63119	
5	48.1577	3.07458	
6	50.8127	2.13092	
7	41.6117	11.7587	
8	44.1655	16.0584	
9	50.2042	13.5725	
10	47.1428	15.3323	
11	45.7354	17.5174	
12	43.1268	19.8821	
13	40.4273	22.562	
14	46.994	30.4806	
15	44.3738	22.9514	
16	38.3124	21.5249	
17	47.3488	35.7395	
18	33.807	35.5033	
19	39.872	32.5877	
20	39.0262	31.3011	
21	39.6182	40.5654	
22	41.8912	34.747	
23	40.8232	38.8614	
24	35.0066	34.4606	
25	24.2846	36.7461	
26	32.238	38.5929	
27	33.0142	43.2851	
28	26.9379	35.3212	
29	22.0061	46.4168	
30	34.127	46.4489	
31	23.6182	44.6023	
32	29.1814	47.5171	
33	17.1944	42.3859	
34	18.5302	47.9978	
35	25.5261	40.0945	
36	16.2117	40.3658	
2	15	4	0	2	4	5	582.289	428.263	264.68	382.886	
0	53.6378	-0.985438	
1	54.2927	-2.99051	
2	50.023	5.42871	
3	53.8205	5.0444	
4	50.5298	8.71663	
5	48.1176	1.22889	
6	48.5692	11.7059	
7	46.145	7.63042	
8	43.8061	18.9445	
9	47.2308	15.9987	
10	45.5645	15.3033	
11	42.0219	24.3759	
12	46.396	23.7081	
13	47.7566	17.167	
14	49.9769	22.2527	
3	41	4	1	2	3	4	552.638	503.883	230.253	246.173	
0	41.5693	-1.02064	
1	51.6915	11.1096	
2	58.0478	2.77174	
3	44.8187	2.422	
4	44.2432	9.42286	
5	49.503	17.9603	
6	40.9648	9.44919	
7	48.0581	13.1986	
8	48.0071	14.6671	
9	47.8744	25.2474	
10	47.3354	11.2779	
11	39.6694	14.878	
12	47.4126	18.9297	
13	40.8191	20.41	
14	43.1443	24.4017	
15	43.7804	24.7392	
16	48.4516	31.4524	
17	42.1776	26.7961	
18	42.4376	28.7107	
19	38.5661	28.4315	
20	42.067	32.5337	
21	38.8136	33.3049	
22	39.7824	31.8473	
23	35.7239	34.3403	
24	41.9604	37.9866	
25	31.2165	31.2571	
26	30.5744	38.0793	
27	38.2743	44.3885	
28	37.6909	42.5283	
29	26.6953	44.3841	
30	20.9456	42.4465	
31	25.957	41.2213	
32	16.2145	45.5151	
33	24.1144	46.9769	
34	15.9151	49.4392	
35	20.8175	46.7859	
36	21.8242	54.6461	
37	10.3008	43.3023	
38	16.1236	47.0544	
39	17.1172	46.2356	
40	9.17341	42.0636	
4	29	4	1	2	4	5	484.381	481.595	295.724	372.936	
0	47.895	10.5529	
1	47.3756	2.76074	
2	47.1539	5.0015	
3	48.5569	11.0346	
4	54.4939	9.25791	
5	55.9407	5.95019	
6	45.9827	15.5511	
7	43.8751	15.3093	
8	40.5581	19.3558	
9	41.5308	20.792	
10	48.8182	26.5608	
11	46.8326	14.0737	
12	53.6919	15.4189	
13	44.9169	22.0093	
14	44.2498	23.2811	
15	41.1921	26.3154	
16	36.3502	24.3425	
17	41.2954	34.6132	
18	45.2142	27.4089	
19	37.2863	24.8862	
20	44.7266	32.6877	
21	34.3587	23.5543	
22	35.2966	31.477	
23	37.0989	36.4134	
24	41.0128	37.8391	
25	40.2437	43.0933	
26	28.8653	43.3295	
27	27.9777	46.238	
28	20.3048	41.088	
5	6	5	1	2	3	4	5	509.455	508.659	353.434	251.347	212.542	
0	50.9416	5.49051	
1	56.5056	-2.73932	
2	46.7889	6.74576	
3	47.6641	6.94103	
4	50.0611	5.6856	
5	53.2228	16.0043	
6	6	2	4	5	274.033	339.106	
0	54.4942	4.63745	
1	50.498	3.30251	
2	50.2103	10.9024	
3	50.4548	8.85952	
4	55.2266	13.5992	
5	49.7149	13.4134	
7	7	3	2	3	5	589.254	240.601	239.009	
0	55.2564	6.80594	
1	56.9071	8.34186	
2	41.5604	1.59576	
3	45.158	12.4321	
4	41.6991	13.2604	
5	49.5346	16.202	
6	50.9778	9.93439	
8	5	6	0	1	2	3	4	5	500.898	531.544	593.831	286.968	211.149	274.033	
0	47.5821	4.65937	
1	50.3308	1.37863	
2	47.1813	7.41388	
3	49.0636	7.44057	
4	53.7335	11.8067	
9	5	4	1	3	4	5	574.329	309.057	281.396	207.766	
0	52.2381	0.731842	
1	45.7291	11.3022	
2	45.5328	7.81108	
3	56.0479	-0.0175842	
4	47.0132	15.3539	
robot
0	0	0	2
1	0	0	2
2	0	0	1
3	0	0	3
4	0	0	4
constraints
89
89	189
7	91
146	177
40	189
58	135
2	99
63	140
5	16
119	177
134	186
89	137
130	195
31	124
25	67
2	93
64	109
32	119
116	198
75	138
49	89
74	94
7	33
75	154
37	104
36	59
124	176
70	89
83	172
74	132
16	196
16	144
26	67
100	104
89	148
185	198
48	122
139	156
68	196
81	176
52	56
55	73
95	194
133	192
41	132
38	189
19	149
119	125
42	120
157	165
56	124
64	110
57	94
77	181
20	83
27	96
91	123
54	179
6	150
12	62
19	194
24	163
89	100
81	159
7	145
55	131
128	181
158	189
2	9
148	168
58	132
68	128
15	157
15	67
71	108
53	143
7	41
13	189
38	142
49	95
59	197
34	86
131	143
37	185
114	179
76	150
18	71
101	129
138	159
82	160
