50A5B48C16D9E48F8G6H5I5J_T10_R5	10	5	200
task
0	50	6	0	1	2	3	4	5	594.627	491.744	415.527	399.005	213.537	310.251	
0	57.2605	6.31743	
1	45.1099	4.49139	
2	48.9362	13.5506	
3	44.3742	3.41831	
4	47.2796	7.34258	
5	48.5143	7.07142	
6	46.9867	13.696	
7	50.6051	8.30007	
8	45.3671	18.7407	
9	46.0834	11.1819	
10	46.4583	14.911	
11	38.6739	22.5015	
12	43.5891	16.7475	
13	42.7998	23.0018	
14	45.2437	21.9622	
15	42.1564	25.9703	
16	42.3374	26.4506	
17	41.8785	25.4523	
18	33.6146	35.4291	
19	37.2665	28.8239	
20	34.3681	23.1635	
21	34.3132	30.216	
22	35.4191	34.6011	
23	43.0621	28.4845	
24	35.5383	38.1879	
25	29.9181	36.3897	
26	23.0397	40.4425	
27	27.4657	41.203	
28	36.1507	44.4948	
29	28.7512	38.5666	
30	28.6119	40.6296	
31	26.7645	42.4629	
32	24.6124	43.0216	
33	23.3395	35.0976	
34	30.9647	47.4444	
35	22.9786	39.2716	
36	18.705	49.6061	
37	24.6388	46.2881	
38	15.6706	49.0769	
39	14.7625	52.4287	
40	12.4139	46.2891	
41	10.7541	49.4932	
42	10.1813	47.3712	
43	9.68329	50.4852	
44	15.0117	46.2294	
45	3.92526	48.5162	
46	-0.78477	55.3966	
47	8.43677	56.4995	
48	-0.732648	54.8828	
49	-6.97834	44.8698	
1	5	2	3	5	214.731	253.337	
0	43.5494	2.91989	
1	49.5568	3.39708	
2	51.936	-0.274034	
3	46.4414	6.79467	
4	56.0428	9.15179	
2	48	5	0	2	3	4	5	472.839	477.217	310.45	391.244	284.779	
0	47.7598	-6.37557	
1	51.1965	3.31777	
2	48.4574	4.46044	
3	44.8946	10.176	
4	48.6907	8.9749	
5	47.2543	15.8807	
6	57.0949	9.99794	
7	46.0298	14.384	
8	55.3392	17.5813	
9	39.7303	17.7398	
10	46.8639	17.9272	
11	48.6304	17.1685	
12	41.1703	14.4398	
13	49.9771	20.9608	
14	44.667	23.1046	
15	44.7736	17.4847	
16	41.2586	28.5869	
17	36.4012	34.583	
18	41.8706	26.5619	
19	40.2737	34.1902	
20	38.3164	31.9411	
21	38.3458	31.7077	
22	38.3318	27.4243	
23	28.9313	40.7159	
24	35.1909	43.7355	
25	35.2321	36.3545	
26	32.1718	47.6347	
27	30.4658	41.3266	
28	24.4552	38.2522	
29	29.5514	41.1281	
30	27.061	42.945	
31	24.3791	50.9394	
32	19.118	36.4175	
33	25.1622	49.5023	
34	29.3826	43.1017	
35	20.0532	36.3343	
36	20.0606	55.9696	
37	12.8233	51.564	
38	16.73	47.2123	
39	16.2149	47.4008	
40	9.62001	47.3574	
41	7.30191	41.1197	
42	10.2926	49.7259	
43	5.47486	51.2379	
44	4.56844	54.2193	
45	9.84682	42.6338	
46	0.314052	48.0346	
47	0.77462	53.5414	
3	16	2	4	5	324.778	334.33	
0	50.8791	-1.70868	
1	54.2022	6.5361	
2	44.4877	9.63472	
3	48.9845	7.60215	
4	55.3961	15.1349	
5	44.5126	15.1223	
6	49.0673	11.5322	
7	52.1221	7.90168	
8	47.3881	17.0474	
9	44.8259	19.843	
10	53.0073	15.7323	
11	47.78	18.7154	
12	47.6015	13.7405	
13	44.0352	27.7009	
14	44.1186	24.3231	
15	53.3686	23.9567	
4	9	4	0	1	2	4	448.76	492.739	571.742	362.19	
0	47.9982	1.89468	
1	49.8457	2.90283	
2	52.5281	4.85336	
3	48.4676	16.6896	
4	48.2383	9.28762	
5	56.3169	6.84392	
6	49.6557	13.0441	
7	48.8686	10.0478	
8	50.634	5.55348	
5	48	3	0	2	5	539.305	597.214	235.427	
0	51.1142	1.97493	
1	46.1966	2.93725	
2	49.225	13.0117	
3	42.0846	12.9495	
4	42.2531	12.0547	
5	41.3218	13.3324	
6	54.551	9.4926	
7	50.0666	22.8294	
8	47.5324	14.2846	
9	41.0317	20.2884	
10	46.4194	18.715	
11	54.3654	16.42	
12	48.4414	21.1602	
13	52.5819	22.6736	
14	43.6894	23.1006	
15	43.3452	29.3914	
16	42.3612	26.3758	
17	39.2776	34.718	
18	36.4884	28.6944	
19	36.7992	37.9222	
20	36.739	38.1424	
21	40.3598	37.2833	
22	36.9943	35.5397	
23	35.4633	35.2558	
24	34.4136	28.3151	
25	28.1968	35.4336	
26	33.1498	43.9711	
27	33.9382	39.5135	
28	36.1909	40.6055	
29	24.234	44.2329	
30	28.9251	38.7582	
31	27.4618	43.0837	
32	27.8235	38.0438	
33	20.4625	40.5941	
34	17.481	46.9238	
35	22.9012	46.9045	
36	9.98485	46.5969	
37	16.308	46.0421	
38	16.6487	46.6308	
39	18.374	39.7249	
40	16.962	52.041	
41	16.2821	48.7628	
42	18.2067	54.3678	
43	16.4919	47.9524	
44	4.87049	56.5001	
45	3.46403	56.6696	
46	2.69605	49.6193	
47	2.7403	49.607	
6	8	6	0	1	2	3	4	5	579.901	548.459	406.373	387.662	290.749	255.327	
0	49.3184	1.65414	
1	44.5552	7.76738	
2	43.6836	0.318252	
3	53.749	3.66232	
4	56.6602	10.9507	
5	47.2698	5.34889	
6	51.1855	17.2165	
7	51.599	6.02643	
7	6	4	0	1	2	4	417.517	497.714	472.64	351.842	
0	49.5692	3.14013	
1	49.8459	3.92283	
2	50.0323	-0.434036	
3	45.1161	10.4468	
4	49.4593	7.80191	
5	48.0843	11.711	
8	5	4	0	1	3	4	552.638	492.341	369.752	236.024	
0	46.2315	7.08111	
1	57.8128	6.45612	
2	45.343	5.02004	
3	51.8963	2.55356	
4	43.7864	11.5589	
9	5	5	0	1	2	4	5	508.858	421.895	544.678	216.92	379.702	
0	49.7535	0.193665	
1	52.0507	3.08127	
2	49.9241	11.4723	
3	46.427	12.475	
4	45.8856	10.6182	
robot
0	0	0	2
1	0	0	2
2	0	0	1
3	0	0	3
4	0	0	4
constraints
18
72	135
44	127
40	151
58	143
41	79
13	47
175	194
38	122
80	92
158	175
93	167
17	146
11	119
144	178
155	165
22	129
44	194
14	156
