6A42B25C24D22E10F41G14H6I10J_T10_R5	10	5	200
task
0	6	2	2	4	428.064	395.025	
0	47.1175	11.0576	
1	46.4803	-1.76622	
2	52.1179	7.73032	
3	58.2726	5.59723	
4	53.2619	6.80144	
5	39.8941	8.70395	
1	42	4	0	1	2	3	473.635	443.387	558.21	222.691	
0	50.2034	6.4671	
1	42.628	9.81896	
2	46.5392	6.60177	
3	47.4299	12.58	
4	47.5744	6.66551	
5	43.7604	13.4402	
6	44.8696	10.6341	
7	48.3086	13.3763	
8	44.3653	14.508	
9	44.7378	23.9307	
10	42.0493	20.2702	
11	47.7041	13.399	
12	49.1427	20.0545	
13	47.8622	14.6504	
14	41.6372	30.0857	
15	44.2317	24.7923	
16	39.5044	29.4558	
17	47.6759	31.185	
18	48.2548	34.5973	
19	34.0833	36.5479	
20	33.1668	35.6873	
21	35.9366	34.8065	
22	44.6614	28.9751	
23	36.7638	37.7428	
24	28.2953	39.9183	
25	36.1262	34.3111	
26	36.4507	38.4458	
27	29.8367	38.922	
28	24.3686	41.1362	
29	29.9958	31.0448	
30	27.0308	41.3626	
31	24.3019	34.7085	
32	25.2979	51.7443	
33	23.0837	44.1275	
34	22.5175	47.3666	
35	20.7373	41.9229	
36	16.2501	42.5217	
37	23.3991	45.339	
38	16.1339	37.3838	
39	13.7983	48.8036	
40	15.8136	45.8593	
41	12.1811	48.8564	
2	25	3	1	4	5	554.429	270.451	312.241	
0	49.7702	6.98197	
1	48.511	6.31566	
2	45.1769	4.53595	
3	47.4923	4.55402	
4	45.6619	12.4235	
5	49.2157	10.5694	
6	45.8962	8.80987	
7	45.1265	17.8199	
8	46.3688	23.3253	
9	48.7434	13.9582	
10	48.234	19.1531	
11	52.5867	11.9714	
12	43.0853	20.419	
13	43.0083	27.362	
14	43.0946	24.8627	
15	46.2824	21.8112	
16	44.2021	31.7908	
17	44.2097	22.2228	
18	44.3354	32.5397	
19	37.0698	37.3842	
20	36.9578	40.78	
21	37.8325	37.478	
22	42.0162	33.0449	
23	35.9593	36.8641	
24	30.8258	34.3626	
3	24	3	1	2	4	470.65	528.758	341.892	
0	59.2204	-0.341627	
1	43.5655	1.92653	
2	48.5454	4.37684	
3	48.0207	7.53635	
4	40.8023	10.4308	
5	46.7977	2.13634	
6	44.2577	8.11107	
7	46.283	9.90546	
8	41.3367	11.8132	
9	47.3286	16.6748	
10	48.1984	17.1186	
11	45.3892	23.8351	
12	46.2432	23.1279	
13	36.871	19.4991	
14	49.8628	29.6708	
15	41.4426	24.8224	
16	42.6312	17.9842	
17	41.5263	28.6003	
18	39.2699	24.1102	
19	34.446	32.6698	
20	35.9245	31.6332	
21	37.5649	38.5143	
22	31.4017	41.6447	
23	35.1326	31.1154	
4	22	3	0	2	4	588.06	497.913	261.496	
0	51.7448	-3.70291	
1	40.5257	2.86523	
2	45.293	4.93053	
3	50.4921	6.44166	
4	54.4849	0.237172	
5	47.1216	10.949	
6	50.1145	10.8855	
7	42.3433	14.5092	
8	48.8671	16.9907	
9	48.344	16.5844	
10	47.4893	15.0183	
11	53.5115	22.4651	
12	49.7244	27.9106	
13	43.6143	25.0239	
14	34.6833	23.0981	
15	44.6028	22.8743	
16	46.2341	28.1041	
17	39.7126	26.4886	
18	35.0191	22.7875	
19	41.0603	28.3935	
20	39.814	30.4692	
21	43.7838	26.3326	
5	10	3	0	3	5	535.922	274.829	358.21	
0	51.9795	8.89598	
1	57.5941	1.93178	
2	47.1649	7.18522	
3	56.9135	11.619	
4	49.541	8.28816	
5	49.156	10.4418	
6	53.385	9.35427	
7	50.4936	19.7424	
8	46.4696	16.3603	
9	48.5995	13.095	
6	41	2	3	5	206.572	257.914	
0	52.4287	-2.09882	
1	59.0953	2.03573	
2	46.3929	-3.01348	
3	49.5663	7.65135	
4	42.1464	7.7442	
5	47.1335	8.77604	
6	48.6113	11.7112	
7	52.2023	12.741	
8	42.8364	9.55918	
9	48.5293	11.8757	
10	45.0355	11.5549	
11	46.3611	22.0789	
12	49.1725	15.2005	
13	42.7803	30.9587	
14	40.3682	19.9422	
15	46.3715	20.3261	
16	48.0363	18.8771	
17	44.4296	28.1102	
18	41.14	29.3352	
19	49.3455	32.4863	
20	34.5658	34.586	
21	36.9812	32.452	
22	36.5744	34.4632	
23	38.1368	36.1322	
24	39.6108	41.5778	
25	30.1048	42.5703	
26	30.9518	42.0091	
27	31.0318	40.7653	
28	25.4837	33.7383	
29	29.3383	40.4394	
30	25.252	43.0175	
31	19.8477	36.0304	
32	19.8099	37.7292	
33	19.3046	53.1796	
34	24.1618	48.8351	
35	17.0782	46.0342	
36	10.7346	49.7672	
37	22.9203	47.5347	
38	13.2467	52.5162	
39	15.2427	44.2397	
40	11.7161	40.4773	
7	14	5	0	1	3	4	5	503.286	563.782	233.039	272.64	369.155	
0	51.4788	9.02094	
1	49.8652	3.91761	
2	43.6339	5.22028	
3	50.4432	7.89658	
4	55.5195	8.87185	
5	55.0638	7.49683	
6	51.9763	8.5571	
7	43.2642	12.944	
8	51.1029	14.3667	
9	49.3734	9.06964	
10	50.7831	20.4357	
11	48.8979	14.4938	
12	39.4015	19.1561	
13	41.7129	13.1431	
8	6	6	0	1	2	3	4	5	420.104	435.029	489.356	368.16	270.053	363.185	
0	48.2901	4.16228	
1	47.7806	3.16485	
2	52.9337	11.7389	
3	44.6872	5.80938	
4	51.7516	12.9401	
5	49.5319	7.33656	
9	10	5	0	2	3	4	5	403.786	508.261	380.299	380.896	398.806	
0	49.3988	9.58468	
1	48.3111	6.88931	
2	55.9956	5.88273	
3	48.6172	3.0925	
4	48.3689	8.35073	
5	41.8167	3.99966	
6	51.6976	18.4339	
7	41.8932	13.6324	
8	47.2709	19.2722	
9	47.4637	17.3948	
robot
0	0	0	2
1	0	0	2
2	0	0	1
3	0	0	3
4	0	0	4
constraints
84
8	32
40	145
68	191
21	176
76	118
41	89
74	90
84	160
167	191
153	167
31	92
162	195
61	66
50	132
79	136
59	86
151	193
104	160
3	156
137	152
59	108
21	86
58	95
61	115
25	48
105	196
81	123
135	195
117	179
127	147
17	30
17	154
48	80
183	184
46	181
84	193
50	197
29	181
3	87
89	120
154	165
150	177
80	103
59	184
122	128
20	174
102	142
39	112
51	54
55	132
51	127
81	145
28	42
80	196
10	154
60	127
43	132
96	165
63	80
19	143
71	111
40	142
26	165
105	117
30	169
105	108
24	152
73	162
6	164
31	160
42	133
89	112
24	43
3	147
79	100
1	62
61	114
61	181
61	137
42	165
2	94
4	194
65	179
86	145
